0.000000 0.002000 112446.751562
0.002000 0.004000 106587.584519
0.004000 0.006000 101087.654516
0.006000 0.008000 95782.175629
0.008000 0.010000 90875.980868
0.010000 0.012000 86139.225090
0.012000 0.014000 81683.614980
0.014000 0.016000 77400.968770
0.016000 0.018000 73426.609611
0.018000 0.020000 69595.157132
0.020000 0.022000 66000.402168
0.022000 0.024000 62619.655138
0.024000 0.026000 59345.396688
0.026000 0.028000 56296.131311
0.028000 0.030000 53427.695482
0.030000 0.032000 50686.937145
0.032000 0.034000 47999.110302
0.034000 0.036000 45594.544913
0.036000 0.038000 43183.369581
0.038000 0.040000 40980.294025
0.040000 0.042000 38853.877491
0.042000 0.044000 36875.611284
0.044000 0.046000 35024.346259
0.046000 0.048000 33203.895306
0.048000 0.050000 31463.638207
0.050000 0.052000 29856.108864
0.052000 0.054000 28338.088818
0.054000 0.056000 26900.199812
0.056000 0.058000 25528.396868
0.058000 0.060000 24188.781424
0.060000 0.062000 22969.723216
0.062000 0.064000 21794.662647
0.064000 0.066000 20679.442993
0.066000 0.068000 19614.881832
0.068000 0.070000 18619.101097
0.070000 0.072000 17668.884991
0.072000 0.074000 16773.399714
0.074000 0.076000 15910.780677
0.076000 0.078000 15104.542636
0.078000 0.080000 14323.101639
0.080000 0.082000 13598.804251
0.082000 0.084000 12907.230376
0.084000 0.086000 12258.709858
0.086000 0.088000 11636.837091
0.088000 0.090000 11045.529508
0.090000 0.092000 10481.308182
0.092000 0.094000 9948.557687
0.094000 0.096000 9438.178794
0.096000 0.098000 8964.508538
0.098000 0.100000 8504.007255
0.100000 0.102000 8074.825726
0.102000 0.104000 7667.573057
0.104000 0.106000 7288.432377
0.106000 0.108000 6911.503377
0.108000 0.110000 6566.922865
0.110000 0.112000 6224.927643
0.112000 0.114000 5916.106553
0.114000 0.116000 5618.955734
0.116000 0.118000 5335.908884
0.118000 0.120000 5067.349221
0.120000 0.122000 4812.375564
0.122000 0.124000 4566.410089
0.124000 0.126000 4336.391697
0.126000 0.128000 4120.019530
0.128000 0.130000 3914.686713
0.130000 0.132000 3712.620695
0.132000 0.134000 3534.354220
0.134000 0.136000 3354.376255
0.136000 0.138000 3186.444188
0.138000 0.140000 3025.805994
0.140000 0.142000 2873.421718
0.142000 0.144000 2731.734525
0.144000 0.146000 2594.067826
0.146000 0.148000 2463.935043
0.148000 0.150000 2342.450391
0.150000 0.152000 2223.241030
0.152000 0.154000 2112.669276
0.154000 0.156000 2007.409710
0.156000 0.158000 1909.799841
0.158000 0.160000 1810.998103
0.160000 0.162000 1722.480846
0.162000 0.164000 1636.207325
0.164000 0.166000 1554.436212
0.166000 0.168000 1479.214255
0.168000 0.170000 1404.544053
0.170000 0.172000 1334.449119
0.172000 0.174000 1269.183901
0.174000 0.176000 1204.980243
0.176000 0.178000 1145.509630
0.178000 0.180000 1088.800616
0.180000 0.182000 1034.440802
0.182000 0.184000 983.215137
0.184000 0.186000 935.080597
0.186000 0.188000 889.307770
0.188000 0.190000 845.047023
0.190000 0.192000 802.813785
0.192000 0.194000 763.324389
0.194000 0.196000 725.465409
0.196000 0.198000 689.623702
0.198000 0.200000 656.039053
0.200000 0.202000 623.453641
0.202000 0.204000 592.457199
0.204000 0.206000 563.542865
0.206000 0.208000 536.069106
0.208000 0.210000 509.407447
0.210000 0.212000 484.679011
0.212000 0.214000 460.962339
0.214000 0.216000 438.040337
0.216000 0.218000 416.391979
0.218000 0.220000 395.925520
0.220000 0.222000 376.501538
0.222000 0.224000 358.265644
0.224000 0.226000 340.915197
0.226000 0.228000 324.235536
0.228000 0.230000 308.291089
0.230000 0.232000 293.454229
0.232000 0.234000 279.153443
0.234000 0.236000 265.385687
0.236000 0.238000 252.559274
0.238000 0.240000 240.248380
0.240000 0.242000 228.496009
0.242000 0.244000 217.289755
0.244000 0.246000 206.793787
0.246000 0.248000 196.704032
0.248000 0.250000 187.146445
0.250000 0.252000 177.902598
0.252000 0.254000 169.537880
0.254000 0.256000 161.122107
0.256000 0.258000 153.370892
0.258000 0.260000 145.761807
0.260000 0.262000 138.801023
0.262000 0.264000 132.074014
0.264000 0.266000 125.663361
0.266000 0.268000 119.570377
0.268000 0.270000 113.859884
0.270000 0.272000 108.290296
0.272000 0.274000 103.124375
0.274000 0.276000 98.031474
0.276000 0.278000 93.463319
0.278000 0.280000 88.908957
0.280000 0.282000 84.575793
0.282000 0.284000 80.456331
0.284000 0.286000 76.761563
0.286000 0.288000 72.958862
0.288000 0.290000 69.510542
0.290000 0.292000 66.141848
0.292000 0.294000 62.991145
0.294000 0.296000 59.967602
0.296000 0.298000 57.100981
0.298000 0.300000 54.321822
0.300000 0.302000 51.687370
0.302000 0.304000 49.239719
0.304000 0.306000 46.844875
0.306000 0.308000 44.640454
0.308000 0.310000 42.472385
0.310000 0.312000 40.442237
0.312000 0.314000 38.497703
0.314000 0.316000 36.741298
0.316000 0.318000 34.970046
0.318000 0.320000 33.292276
0.320000 0.322000 31.699308
0.322000 0.324000 30.235178
0.324000 0.326000 28.740020
0.326000 0.328000 27.406042
0.328000 0.330000 26.074726
0.330000 0.332000 24.851876
0.332000 0.334000 23.660373
0.334000 0.336000 22.543598
0.336000 0.338000 21.477456
0.338000 0.340000 20.459778
0.340000 0.342000 19.494993
0.342000 0.344000 18.582241
0.344000 0.346000 17.692949
0.346000 0.348000 16.841336
0.348000 0.350000 16.057872
0.350000 0.352000 15.316891
0.352000 0.354000 14.584022
0.354000 0.356000 13.895617
0.356000 0.358000 13.239008
0.358000 0.360000 12.598421
0.360000 0.362000 12.018547
0.362000 0.364000 11.460355
0.364000 0.366000 10.915969
0.366000 0.368000 10.401385
0.368000 0.370000 9.907803
0.370000 0.372000 9.446690
0.372000 0.374000 9.002999
0.374000 0.376000 8.580704
0.376000 0.378000 8.187874
0.378000 0.380000 7.793332
0.380000 0.382000 7.436926
0.382000 0.384000 7.082661
0.384000 0.386000 6.751846
0.386000 0.388000 6.440737
0.388000 0.390000 6.138267
0.390000 0.392000 5.850121
0.392000 0.394000 5.577572
0.394000 0.396000 5.324261
0.396000 0.398000 5.073799
0.398000 0.400000 4.836984
0.400000 0.402000 4.608469
0.402000 0.404000 4.399190
0.404000 0.406000 4.188166
0.406000 0.408000 3.990447
0.408000 0.410000 3.808835
0.410000 0.412000 3.632711
0.412000 0.414000 3.464226
0.414000 0.416000 3.305948
0.416000 0.418000 3.147955
0.418000 0.420000 3.004510
0.420000 0.422000 2.867173
0.422000 0.424000 2.731198
0.424000 0.426000 2.606710
0.426000 0.428000 2.485264
0.428000 0.430000 2.372914
0.430000 0.432000 2.260200
0.432000 0.434000 2.158814
0.434000 0.436000 2.059057
0.436000 0.438000 1.964568
0.438000 0.440000 1.874505
0.440000 0.442000 1.787423
0.442000 0.444000 1.704089
0.444000 0.446000 1.625781
0.446000 0.448000 1.552309
0.448000 0.450000 1.481369
0.450000 0.452000 1.413192
0.452000 0.454000 1.348841
0.454000 0.456000 1.287799
0.456000 0.458000 1.227639
0.458000 0.460000 1.171152
0.460000 0.462000 1.118720
0.462000 0.464000 1.068317
0.464000 0.466000 1.017887
0.466000 0.468000 0.970958
0.468000 0.470000 0.927916
0.470000 0.472000 0.885622
0.472000 0.474000 0.845248
0.474000 0.476000 0.805961
0.476000 0.478000 0.770399
0.478000 0.480000 0.734538
0.480000 0.482000 0.701578
0.482000 0.484000 0.670532
0.484000 0.486000 0.639122
0.486000 0.488000 0.610809
0.488000 0.490000 0.582033
0.490000 0.492000 0.555416
0.492000 0.494000 0.530999
0.494000 0.496000 0.506304
0.496000 0.498000 0.483556
0.498000 0.500000 0.461679
0.500000 0.502000 0.441280
0.502000 0.504000 0.421246
0.504000 0.506000 0.402207
0.506000 0.508000 0.383611
0.508000 0.510000 0.366889
0.510000 0.512000 0.349881
0.512000 0.514000 0.334413
0.514000 0.516000 0.319251
0.516000 0.518000 0.305160
0.518000 0.520000 0.291164
0.520000 0.522000 0.278293
0.522000 0.524000 0.265981
0.524000 0.526000 0.253746
0.526000 0.528000 0.242450
0.528000 0.530000 0.231729
0.530000 0.532000 0.221039
0.532000 0.534000 0.211472
0.534000 0.536000 0.201800
0.536000 0.538000 0.192921
0.538000 0.540000 0.184058
0.540000 0.542000 0.176067
0.542000 0.544000 0.168266
0.544000 0.546000 0.160675
0.546000 0.548000 0.153560
0.548000 0.550000 0.146738
0.550000 0.552000 0.140077
0.552000 0.554000 0.134027
0.554000 0.556000 0.128030
0.556000 0.558000 0.122402
0.558000 0.560000 0.116805
0.560000 0.562000 0.111768
0.562000 0.564000 0.106687
0.564000 0.566000 0.101969
0.566000 0.568000 0.097502
0.568000 0.570000 0.093216
0.570000 0.572000 0.089061
0.572000 0.574000 0.085126
0.574000 0.576000 0.081340
0.576000 0.578000 0.077784
0.578000 0.580000 0.074407
0.580000 0.582000 0.071022
0.582000 0.584000 0.067921
0.584000 0.586000 0.064941
0.586000 0.588000 0.062097
0.588000 0.590000 0.059436
0.590000 0.592000 0.056744
0.592000 0.594000 0.054309
0.594000 0.596000 0.051851
0.596000 0.598000 0.049580
0.598000 0.600000 0.047464
0.600000 0.602000 0.045334
0.602000 0.604000 0.043362
0.604000 0.606000 0.041480
0.606000 0.608000 0.039718
0.608000 0.610000 0.037921
0.610000 0.612000 0.036264
0.612000 0.614000 0.034750
0.614000 0.616000 0.033150
0.616000 0.618000 0.031728
0.618000 0.620000 0.030354
0.620000 0.622000 0.029010
0.622000 0.624000 0.027738
0.624000 0.626000 0.026557
0.626000 0.628000 0.025430
0.628000 0.630000 0.024298
0.630000 0.632000 0.023220
0.632000 0.634000 0.022263
0.634000 0.636000 0.021275
0.636000 0.638000 0.020360
0.638000 0.640000 0.019472
0.640000 0.642000 0.018638
0.642000 0.644000 0.017827
0.644000 0.646000 0.017052
0.646000 0.648000 0.016332
0.648000 0.650000 0.015609
0.650000 0.652000 0.014951
0.652000 0.654000 0.014283
0.654000 0.656000 0.013687
0.656000 0.658000 0.013082
0.658000 0.660000 0.012525
0.660000 0.662000 0.011996
0.662000 0.664000 0.011477
0.664000 0.666000 0.010981
0.666000 0.668000 0.010508
0.668000 0.670000 0.010047
0.670000 0.672000 0.009626
0.672000 0.674000 0.009212
0.674000 0.676000 0.008830
0.676000 0.678000 0.008444
0.678000 0.680000 0.008090
0.680000 0.682000 0.007745
0.682000 0.684000 0.007407
0.684000 0.686000 0.007092
0.686000 0.688000 0.006787
0.688000 0.690000 0.006504
0.690000 0.692000 0.006231
0.692000 0.694000 0.005957
0.694000 0.696000 0.005707
0.696000 0.698000 0.005463
0.698000 0.700000 0.005235
0.700000 0.702000 0.005008
0.702000 0.704000 0.004797
0.704000 0.706000 0.004593
0.706000 0.708000 0.004396
0.708000 0.710000 0.004208
0.710000 0.712000 0.004034
0.712000 0.714000 0.003862
0.714000 0.716000 0.003703
0.716000 0.718000 0.003544
0.718000 0.720000 0.003395
0.720000 0.722000 0.003252
0.722000 0.724000 0.003115
0.724000 0.726000 0.002983
0.726000 0.728000 0.002861
0.728000 0.730000 0.002738
0.730000 0.732000 0.002622
0.732000 0.734000 0.002514
0.734000 0.736000 0.002407
0.736000 0.738000 0.002307
0.738000 0.740000 0.002210
0.740000 0.742000 0.002118
0.742000 0.744000 0.002027
0.744000 0.746000 0.001943
0.746000 0.748000 0.001862
0.748000 0.750000 0.001784
0.750000 0.752000 0.001710
0.752000 0.754000 0.001639
0.754000 0.756000 0.001569
0.756000 0.758000 0.001504
0.758000 0.760000 0.001442
0.760000 0.762000 0.001382
0.762000 0.764000 0.001325
0.764000 0.766000 0.001271
0.766000 0.768000 0.001215
0.768000 0.770000 0.001165
0.770000 0.772000 0.001118
0.772000 0.774000 0.001072
0.774000 0.776000 0.001027
0.776000 0.778000 0.000985
0.778000 0.780000 0.000943
0.780000 0.782000 0.000905
0.782000 0.784000 0.000868
0.784000 0.786000 0.000831
0.786000 0.788000 0.000798
0.788000 0.790000 0.000764
0.790000 0.792000 0.000733
0.792000 0.794000 0.000703
0.794000 0.796000 0.000674
0.796000 0.798000 0.000647
0.798000 0.800000 0.000619
0.800000 0.802000 0.000594
0.802000 0.804000 0.000570
0.804000 0.806000 0.000547
0.806000 0.808000 0.000524
0.808000 0.810000 0.000502
0.810000 0.812000 0.000482
0.812000 0.814000 0.000462
0.814000 0.816000 0.000443
0.816000 0.818000 0.000425
0.818000 0.820000 0.000407
0.820000 0.822000 0.000392
0.822000 0.824000 0.000375
0.824000 0.826000 0.000360
0.826000 0.828000 0.000345
0.828000 0.830000 0.000331
0.830000 0.832000 0.000318
0.832000 0.834000 0.000305
0.834000 0.836000 0.000292
0.836000 0.838000 0.000281
0.838000 0.840000 0.000269
0.840000 0.842000 0.000258
0.842000 0.844000 0.000248
0.844000 0.846000 0.000238
0.846000 0.848000 0.000228
0.848000 0.850000 0.000219
0.850000 0.852000 0.000210
0.852000 0.854000 0.000202
0.854000 0.856000 0.000194
0.856000 0.858000 0.000186
0.858000 0.860000 0.000178
0.860000 0.862000 0.000171
0.862000 0.864000 0.000164
0.864000 0.866000 0.000158
0.866000 0.868000 0.000151
0.868000 0.870000 0.000145
0.870000 0.872000 0.000139
0.872000 0.874000 0.000134
0.874000 0.876000 0.000128
0.876000 0.878000 0.000123
0.878000 0.880000 0.000118
0.880000 0.882000 0.000114
0.882000 0.884000 0.000109
0.884000 0.886000 0.000105
0.886000 0.888000 0.000100
0.888000 0.890000 0.000097
0.890000 0.892000 0.000093
0.892000 0.894000 0.000089
0.894000 0.896000 0.000085
0.896000 0.898000 0.000082
0.898000 0.900000 0.000079
0.900000 0.902000 0.000076
0.902000 0.904000 0.000073
0.904000 0.906000 0.000070
0.906000 0.908000 0.000067
0.908000 0.910000 0.000064
0.910000 0.912000 0.000062
0.912000 0.914000 0.000059
0.914000 0.916000 0.000057
0.916000 0.918000 0.000055
0.918000 0.920000 0.000053
0.920000 0.922000 0.000051
0.922000 0.924000 0.000049
0.924000 0.926000 0.000047
0.926000 0.928000 0.000045
0.928000 0.930000 0.000043
0.930000 0.932000 0.000041
0.932000 0.934000 0.000040
0.934000 0.936000 0.000038
0.936000 0.938000 0.000037
0.938000 0.940000 0.000035
0.940000 0.942000 0.000034
0.942000 0.944000 0.000033
0.944000 0.946000 0.000031
0.946000 0.948000 0.000030
0.948000 0.950000 0.000029
0.950000 0.952000 0.000028
0.952000 0.954000 0.000027
0.954000 0.956000 0.000026
0.956000 0.958000 0.000025
0.958000 0.960000 0.000024
0.960000 0.962000 0.000023
0.962000 0.964000 0.000022
0.964000 0.966000 0.000021
0.966000 0.968000 0.000020
0.968000 0.970000 0.000019
0.970000 0.972000 0.000019
0.972000 0.974000 0.000018
0.974000 0.976000 0.000017
0.976000 0.978000 0.000017
0.978000 0.980000 0.000016
0.980000 0.982000 0.000015
0.982000 0.984000 0.000015
0.984000 0.986000 0.000014
0.986000 0.988000 0.000014
0.988000 0.990000 0.000013
0.990000 0.992000 0.000013
0.992000 0.994000 0.000012
0.994000 0.996000 0.000012
0.996000 0.998000 0.000011
0.998000 1.000000 0.000011
