0.000000 0.002000 2970316951035.095703
0.002000 0.004000 3078223382305.597168
0.004000 0.006000 3168290551144.749512
0.006000 0.008000 3237340147139.532715
0.008000 0.010000 3294115304419.108398
0.010000 0.012000 3334439446179.222656
0.012000 0.014000 3362400121475.273926
0.014000 0.016000 3376658458049.787598
0.016000 0.018000 3381244456738.292480
0.018000 0.020000 3376120367195.666992
0.020000 0.022000 3362425246665.916504
0.022000 0.024000 3340272929763.053711
0.024000 0.026000 3313448707365.719238
0.026000 0.028000 3281032481169.895020
0.028000 0.030000 3242579337555.543457
0.030000 0.032000 3197400784117.894043
0.032000 0.034000 3145934585670.607910
0.034000 0.036000 3093455238179.375977
0.036000 0.038000 3042541787584.616211
0.038000 0.040000 2983406619275.317871
0.040000 0.042000 2923682435937.873535
0.042000 0.044000 2863230982816.613281
0.044000 0.046000 2797086362411.819336
0.046000 0.048000 2735129979227.466309
0.048000 0.050000 2671557381644.205078
0.050000 0.052000 2603571830314.570312
0.052000 0.054000 2539822779399.314453
0.054000 0.056000 2475244683109.257812
0.056000 0.058000 2408273206510.322754
0.058000 0.060000 2341622475750.854004
0.060000 0.062000 2277387633410.154785
0.062000 0.064000 2212673776319.199219
0.064000 0.066000 2148198367216.140381
0.066000 0.068000 2085787381604.777588
0.068000 0.070000 2022498261394.265869
0.070000 0.072000 1963157383200.257080
0.072000 0.074000 1901374885411.688477
0.074000 0.076000 1843588214639.267334
0.076000 0.078000 1784436731218.640625
0.078000 0.080000 1728302720328.411621
0.080000 0.082000 1670970900103.922607
0.082000 0.084000 1615889544820.731934
0.084000 0.086000 1564384912549.153076
0.086000 0.088000 1510540991653.772705
0.088000 0.090000 1461340660072.362305
0.090000 0.092000 1411976935959.636719
0.092000 0.094000 1362927537397.397705
0.094000 0.096000 1316562118451.790039
0.096000 0.098000 1269955148820.790039
0.098000 0.100000 1225375116591.855713
0.100000 0.102000 1181721310867.923340
0.102000 0.104000 1140631127933.931885
0.104000 0.106000 1100153972182.419922
0.106000 0.108000 1059825314033.012695
0.108000 0.110000 1021840117682.937256
0.110000 0.112000 984885234143.751465
0.112000 0.114000 949264823000.206177
0.114000 0.116000 913425875156.175293
0.116000 0.118000 879639788270.046387
0.118000 0.120000 846593782438.096802
0.120000 0.122000 815250352749.527832
0.122000 0.124000 785250301553.879761
0.124000 0.126000 755747688417.023193
0.126000 0.128000 728025278249.489624
0.128000 0.130000 699891714789.810669
0.130000 0.132000 673015567149.929810
0.132000 0.134000 647703715488.743896
0.134000 0.136000 623272748964.580200
0.136000 0.138000 598749813711.200806
0.138000 0.140000 575230394606.862671
0.140000 0.142000 552101464530.306396
0.142000 0.144000 532231760457.218506
0.144000 0.146000 510598785962.480164
0.146000 0.148000 491222242776.366394
0.148000 0.150000 472076821894.609619
0.150000 0.152000 453271872837.711548
0.152000 0.154000 435363486377.891968
0.154000 0.156000 418339632572.276611
0.156000 0.158000 401528023162.894470
0.158000 0.160000 386196934239.899475
0.160000 0.162000 370686915041.961914
0.162000 0.164000 355658089175.171631
0.164000 0.166000 341310928005.982544
0.166000 0.168000 327965886183.149658
0.168000 0.170000 314269960311.265198
0.170000 0.172000 302332874203.421814
0.172000 0.174000 289889614053.786926
0.174000 0.176000 278385531262.612000
0.176000 0.178000 267243528656.947784
0.178000 0.180000 256099579518.165222
0.180000 0.182000 245992300654.052887
0.182000 0.184000 235645986534.749542
0.184000 0.186000 226203018229.074158
0.186000 0.188000 217015376014.907379
0.188000 0.190000 208348037059.710999
0.190000 0.192000 199681626197.869354
0.192000 0.194000 191612928331.576935
0.194000 0.196000 183738315339.472687
0.196000 0.198000 176006804630.472321
0.198000 0.200000 168859097303.247528
0.200000 0.202000 161922866464.183228
0.202000 0.204000 155250832036.997711
0.204000 0.206000 148747787425.190491
0.206000 0.208000 142769197063.680054
0.208000 0.210000 136868056651.530426
0.210000 0.212000 131228560741.267395
0.212000 0.214000 125809185020.991394
0.214000 0.216000 120472569156.988434
0.216000 0.218000 115498319410.365311
0.218000 0.220000 110670515832.507553
0.220000 0.222000 106075568618.226501
0.222000 0.224000 101622431943.006348
0.224000 0.226000 97458494664.473312
0.226000 0.228000 93389405646.515930
0.228000 0.230000 89481095039.298111
0.230000 0.232000 85841116804.924850
0.232000 0.234000 82224951881.956894
0.234000 0.236000 78736924906.032074
0.236000 0.238000 75370047369.270294
0.238000 0.240000 72243753930.737579
0.240000 0.242000 69188119123.941437
0.242000 0.244000 66317627164.557190
0.244000 0.246000 63583600908.491547
0.246000 0.248000 60923410371.033272
0.248000 0.250000 58254696930.969032
0.250000 0.252000 55845864724.291107
0.252000 0.254000 53523178696.475945
0.254000 0.256000 51238699020.366394
0.256000 0.258000 49088224329.276131
0.258000 0.260000 47037606343.646530
0.260000 0.262000 45024408220.835960
0.262000 0.264000 43189480122.043617
0.264000 0.266000 41296825526.848381
0.266000 0.268000 39578089196.742775
0.268000 0.270000 37864077339.292343
0.270000 0.272000 36289866999.608749
0.272000 0.274000 34757589054.432518
0.274000 0.276000 33265900381.830673
0.276000 0.278000 31886533382.460472
0.278000 0.280000 30526569127.445759
0.280000 0.282000 29252751257.990810
0.282000 0.284000 27989190884.499451
0.284000 0.286000 26812574307.742443
0.286000 0.288000 25675583554.050625
0.288000 0.290000 24586347431.633759
0.290000 0.292000 23537554655.262856
0.292000 0.294000 22541804539.756153
0.294000 0.296000 21566933449.825985
0.296000 0.298000 20669007038.659306
0.298000 0.300000 19788338386.977161
0.300000 0.302000 18929110837.857960
0.302000 0.304000 18164634824.388538
0.304000 0.306000 17360252759.775768
0.306000 0.308000 16623434742.799240
0.308000 0.310000 15918539246.561056
0.310000 0.312000 15256307380.627434
0.312000 0.314000 14604313666.722183
0.314000 0.316000 13982433210.697327
0.316000 0.318000 13399005475.214920
0.318000 0.320000 12813197462.412306
0.320000 0.322000 12262388314.851362
0.322000 0.324000 11737990606.457808
0.324000 0.326000 11236704766.474298
0.326000 0.328000 10769208452.293190
0.328000 0.330000 10303834282.991650
0.330000 0.332000 9871363509.816391
0.332000 0.334000 9447269329.034975
0.334000 0.336000 9044625876.227413
0.336000 0.338000 8665534041.902225
0.338000 0.340000 8300421147.986870
0.340000 0.342000 7950860827.032248
0.342000 0.344000 7595292482.205458
0.344000 0.346000 7280907977.304883
0.346000 0.348000 6961159009.201322
0.348000 0.350000 6670482627.813310
0.350000 0.352000 6384939179.595969
0.352000 0.354000 6117285059.882858
0.354000 0.356000 5854378805.866030
0.356000 0.358000 5599553427.190661
0.358000 0.360000 5365093073.956229
0.360000 0.362000 5127639863.583176
0.362000 0.364000 4916098113.580043
0.364000 0.366000 4708423236.511864
0.366000 0.368000 4502359287.195395
0.368000 0.370000 4310992675.528707
0.370000 0.372000 4131121256.728291
0.372000 0.374000 3955087943.197701
0.374000 0.376000 3786569418.121409
0.376000 0.378000 3625294842.483417
0.378000 0.380000 3469166919.126897
0.380000 0.382000 3324082222.998691
0.382000 0.384000 3181479146.849689
0.384000 0.386000 3048257710.604829
0.386000 0.388000 2916946829.941389
0.388000 0.390000 2790693791.383992
0.390000 0.392000 2674441925.542464
0.392000 0.394000 2558461541.595247
0.394000 0.396000 2450591031.479321
0.396000 0.398000 2343466288.084047
0.398000 0.400000 2244851805.772360
0.400000 0.402000 2150157888.455202
0.402000 0.404000 2056988628.372949
0.404000 0.406000 1970677559.303507
0.406000 0.408000 1885777913.277070
0.408000 0.410000 1806619017.060273
0.410000 0.412000 1730087281.898053
0.412000 0.414000 1656052968.550164
0.414000 0.416000 1585415153.209546
0.416000 0.418000 1518112108.617615
0.418000 0.420000 1453837533.746266
0.420000 0.422000 1391982398.064930
0.422000 0.424000 1332770606.233265
0.424000 0.426000 1276530072.294799
0.426000 0.428000 1220966692.223699
0.428000 0.430000 1169407276.143990
0.430000 0.432000 1119424740.824570
0.432000 0.434000 1073412528.197846
0.434000 0.436000 1026729070.763653
0.436000 0.438000 983371280.769584
0.438000 0.440000 942899418.887738
0.440000 0.442000 901879258.482257
0.442000 0.444000 862681472.438000
0.444000 0.446000 827145759.549660
0.446000 0.448000 791699338.270445
0.448000 0.450000 758585775.759293
0.450000 0.452000 726605502.466029
0.452000 0.454000 695699835.826690
0.454000 0.456000 666093613.196593
0.456000 0.458000 637915064.821783
0.458000 0.460000 610510373.497085
0.460000 0.462000 584738283.239607
0.462000 0.464000 560643056.843076
0.464000 0.466000 536223255.553703
0.466000 0.468000 513907248.235569
0.468000 0.470000 492039489.376903
0.470000 0.472000 471384506.230568
0.472000 0.474000 451613343.060501
0.474000 0.476000 432199999.781474
0.476000 0.478000 414446922.224236
0.478000 0.480000 396402069.396857
0.480000 0.482000 379864495.330758
0.482000 0.484000 364149774.490619
0.484000 0.486000 348815246.819476
0.486000 0.488000 334165704.351633
0.488000 0.490000 319897947.098623
0.490000 0.492000 306346977.919070
0.492000 0.494000 293305640.329218
0.494000 0.496000 281061220.566902
0.496000 0.498000 269027531.232715
0.498000 0.500000 257905447.597099
0.500000 0.502000 246978141.452860
0.502000 0.504000 236530573.845195
0.504000 0.506000 226721638.194508
0.506000 0.508000 217179282.834650
0.508000 0.510000 208259414.717737
0.510000 0.512000 199436464.538284
0.512000 0.514000 190902208.820219
0.514000 0.516000 182955761.522336
0.516000 0.518000 175140651.552792
0.518000 0.520000 167863376.522124
0.520000 0.522000 160793648.923611
0.522000 0.524000 154124147.627588
0.524000 0.526000 147622404.588319
0.526000 0.528000 141286339.201367
0.528000 0.530000 135550007.463434
0.530000 0.532000 129792976.276693
0.532000 0.534000 124279638.969010
0.534000 0.536000 119189785.116609
0.536000 0.538000 114240384.561900
0.538000 0.540000 109487741.914878
0.540000 0.542000 104824532.630422
0.542000 0.544000 100559794.077916
0.544000 0.546000 96238287.582105
0.546000 0.548000 92215905.828130
0.548000 0.550000 88411476.751248
0.550000 0.552000 84648913.610522
0.552000 0.554000 81153996.118403
0.554000 0.556000 77833112.995755
0.556000 0.558000 74571433.906108
0.558000 0.560000 71449121.038530
0.560000 0.562000 68433833.767021
0.562000 0.564000 65589632.823324
0.564000 0.566000 62868546.407879
0.566000 0.568000 60243667.316840
0.568000 0.570000 57714178.764062
0.570000 0.572000 55308156.704426
0.572000 0.574000 53114357.157407
0.574000 0.576000 50860220.147999
0.576000 0.578000 48743445.989143
0.578000 0.580000 46732422.547258
0.580000 0.582000 44763718.980951
0.582000 0.584000 42922907.779476
0.584000 0.586000 41169208.180422
0.586000 0.588000 39445773.874332
0.588000 0.590000 37828971.388525
0.590000 0.592000 36265691.942256
0.592000 0.594000 34764412.986765
0.594000 0.596000 33287702.688920
0.596000 0.598000 31933479.295643
0.598000 0.600000 30573454.487087
0.600000 0.602000 29311766.675101
0.602000 0.604000 28146460.897071
0.604000 0.606000 26954051.613077
0.606000 0.608000 25849955.559474
0.608000 0.610000 24799431.298327
0.610000 0.612000 23766470.557933
0.612000 0.614000 22793633.619869
0.614000 0.616000 21830519.821487
0.616000 0.618000 20948252.025075
0.618000 0.620000 20083937.969085
0.620000 0.622000 19234761.917725
0.622000 0.624000 18466709.957332
0.624000 0.626000 17697310.996612
0.626000 0.628000 16979674.067557
0.628000 0.630000 16289301.252933
0.630000 0.632000 15610364.953571
0.632000 0.634000 14970915.887257
0.634000 0.636000 14353853.664734
0.636000 0.638000 13763364.433416
0.638000 0.640000 13211972.217936
0.640000 0.642000 12665448.803271
0.642000 0.644000 12140200.785322
0.644000 0.646000 11639922.121367
0.646000 0.648000 11162093.128831
0.648000 0.650000 10702439.189155
0.650000 0.652000 10274421.851950
0.652000 0.654000 9854743.386924
0.654000 0.656000 9458066.666172
0.656000 0.658000 9062070.804250
0.658000 0.660000 8696670.564076
0.660000 0.662000 8343362.928720
0.662000 0.664000 8000325.136059
0.664000 0.666000 7682264.146418
0.666000 0.668000 7354947.145290
0.668000 0.670000 7062123.282141
0.670000 0.672000 6778655.570747
0.672000 0.674000 6495663.902482
0.674000 0.676000 6235143.326545
0.676000 0.678000 5980608.218013
0.678000 0.680000 5744490.450298
0.680000 0.682000 5505885.308159
0.682000 0.684000 5282687.873357
0.684000 0.686000 5063293.136753
0.686000 0.688000 4868496.905333
0.688000 0.690000 4661276.400170
0.690000 0.692000 4474362.925300
0.692000 0.694000 4296014.164293
0.694000 0.696000 4121749.365073
0.696000 0.698000 3958795.291286
0.698000 0.700000 3797708.352495
0.700000 0.702000 3641935.984236
0.702000 0.704000 3490287.441128
0.704000 0.706000 3356423.612035
0.706000 0.708000 3218522.224779
0.708000 0.710000 3086862.466841
0.710000 0.712000 2965144.073564
0.712000 0.714000 2843130.300105
0.714000 0.716000 2731640.465022
0.716000 0.718000 2620569.067963
0.718000 0.720000 2515268.822591
0.720000 0.722000 2416676.913640
0.722000 0.724000 2318382.205351
0.724000 0.726000 2223710.487799
0.726000 0.728000 2134721.494192
0.728000 0.730000 2048844.234112
0.730000 0.732000 1966356.514410
0.732000 0.734000 1889927.057685
0.734000 0.736000 1813562.320866
0.736000 0.738000 1738922.958940
0.738000 0.740000 1669955.372678
0.740000 0.742000 1604484.826441
0.742000 0.744000 1540261.969375
0.744000 0.746000 1477394.863725
0.746000 0.748000 1419662.014053
0.748000 0.750000 1362699.644261
0.750000 0.752000 1308758.244887
0.752000 0.754000 1254588.530605
0.754000 0.756000 1204648.929533
0.756000 0.758000 1157206.840619
0.758000 0.760000 1110843.808501
0.760000 0.762000 1066615.367591
0.762000 0.764000 1024404.121543
0.764000 0.766000 983555.646613
0.766000 0.768000 943689.061019
0.768000 0.770000 906785.520235
0.770000 0.772000 871750.371754
0.772000 0.774000 835697.959489
0.774000 0.776000 803081.200792
0.776000 0.778000 771599.473518
0.778000 0.780000 741045.950332
0.780000 0.782000 712176.640260
0.782000 0.784000 684130.547213
0.784000 0.786000 656705.508742
0.786000 0.788000 630160.750861
0.788000 0.790000 605188.872513
0.790000 0.792000 582139.874193
0.792000 0.794000 558286.526829
0.794000 0.796000 536835.290520
0.796000 0.798000 515584.963483
0.798000 0.800000 495365.007373
0.800000 0.802000 475569.001264
0.802000 0.804000 457399.341917
0.804000 0.806000 439290.188308
0.806000 0.808000 421863.405067
0.808000 0.810000 404938.075661
0.810000 0.812000 389430.072434
0.812000 0.814000 374425.704019
0.814000 0.816000 359303.736210
0.816000 0.818000 345373.547235
0.818000 0.820000 331705.406639
0.820000 0.822000 319122.847100
0.822000 0.824000 306197.209609
0.824000 0.826000 294209.929457
0.826000 0.828000 282698.079199
0.828000 0.830000 271483.825264
0.830000 0.832000 261178.341735
0.832000 0.834000 251026.252100
0.834000 0.836000 241412.074490
0.836000 0.838000 231687.106768
0.838000 0.840000 222657.309708
0.840000 0.842000 213932.544763
0.842000 0.844000 205599.533740
0.844000 0.846000 197741.848416
0.846000 0.848000 190133.074150
0.848000 0.850000 182583.699102
0.850000 0.852000 175436.591639
0.852000 0.854000 168750.593244
0.854000 0.856000 162226.058401
0.856000 0.858000 156042.480955
0.858000 0.860000 149836.412425
0.860000 0.862000 144010.674280
0.862000 0.864000 138543.092525
0.864000 0.866000 133153.598014
0.866000 0.868000 127946.802487
0.868000 0.870000 123043.605540
0.870000 0.872000 118241.324018
0.872000 0.874000 113683.287279
0.874000 0.876000 109259.341731
0.876000 0.878000 105077.457938
0.878000 0.880000 101021.245882
0.880000 0.882000 97193.546801
0.882000 0.884000 93386.595185
0.884000 0.886000 89794.194123
0.886000 0.888000 86440.704456
0.888000 0.890000 82993.571140
0.890000 0.892000 79920.871909
0.892000 0.894000 76762.037270
0.894000 0.896000 73872.523221
0.896000 0.898000 71010.089804
0.898000 0.900000 68303.510457
0.900000 0.902000 65600.748162
0.902000 0.904000 63175.699434
0.904000 0.906000 60805.410296
0.906000 0.908000 58521.227997
0.908000 0.910000 56145.917985
0.910000 0.912000 54015.573746
0.912000 0.914000 51986.237943
0.914000 0.916000 49982.683149
0.916000 0.918000 48076.053803
0.918000 0.920000 46318.056247
0.920000 0.922000 44527.504530
0.922000 0.924000 42793.630557
0.924000 0.926000 41207.073094
0.926000 0.928000 39651.266973
0.928000 0.930000 38121.982597
0.930000 0.932000 36681.037660
0.932000 0.934000 35288.639429
0.934000 0.936000 33937.576154
0.936000 0.938000 32650.913024
0.938000 0.940000 31431.025921
0.940000 0.942000 30224.457821
0.942000 0.944000 29095.336221
0.944000 0.946000 27977.271691
0.946000 0.948000 26928.563851
0.948000 0.950000 25918.117843
0.950000 0.952000 24938.430432
0.952000 0.954000 24009.663289
0.954000 0.956000 23073.215154
0.956000 0.958000 22234.081201
0.958000 0.960000 21375.306622
0.960000 0.962000 20572.433335
0.962000 0.964000 19810.753469
0.964000 0.966000 19064.916045
0.966000 0.968000 18361.879934
0.968000 0.970000 17672.036878
0.970000 0.972000 16992.411748
0.972000 0.974000 16361.732043
0.974000 0.976000 15744.241689
0.976000 0.978000 15178.209151
0.978000 0.980000 14592.542261
0.980000 0.982000 14059.928742
0.982000 0.984000 13514.794727
0.984000 0.986000 13021.035273
0.986000 0.988000 12538.102218
0.988000 0.990000 12071.241984
0.990000 0.992000 11615.939596
0.992000 0.994000 11191.107299
0.994000 0.996000 10770.312304
0.996000 0.998000 10370.919953
0.998000 1.000000 9971.761152
