0.000000 0.002000 47330906794512594585150147264219569274663191841528335743187900115697270784.000000
0.002000 0.004000 44868117612883507796665955058531327661820455748758520851000387157002027008.000000
0.004000 0.006000 42547916250029670516511377903192527192217501498576330512739582173232758784.000000
0.006000 0.008000 40309494896731269395695217527852105369411465345573454048851408295842283520.000000
0.008000 0.010000 38260130791314537380302855548727614969104288602528891911325001909855584256.000000
0.010000 0.012000 36255897432756818403872882558279559857242852198839330985657735178100932608.000000
0.012000 0.014000 34372177718991121532772805376157337827423934771298353786287576340450246656.000000
0.014000 0.016000 32594842097376043324097786679129413591421084946041469839860007030463922176.000000
0.016000 0.018000 30914932510988210519339865287081215533205242650335609592884731897083592704.000000
0.018000 0.020000 29295777945903484977102885354211793633730153661414306428175665667315335168.000000
0.020000 0.022000 27788747641747558969979356997610307129778119364748894130963686763823890432.000000
0.022000 0.024000 26372510308348305309229359501068487466842739008079492983842518281213706240.000000
0.024000 0.026000 25018023375878870329097469306192470484664279321472864262692340858991149056.000000
0.026000 0.028000 23695059828339634555711998415122129631156562169922928064781436638982045696.000000
0.028000 0.030000 22496241117022589438946460243898271310523689308995431075837661387488755712.000000
0.030000 0.032000 21311134860213593578214558376832148913204519641099616562851533431358095360.000000
0.032000 0.034000 20216148632845675832965360422617888757260245364096924885550052000365805568.000000
0.034000 0.036000 19192302904583243960027836874431936840808218854289273295410045254396542976.000000
0.036000 0.038000 18172812805352794590839791481279595117967973276951653771048403660949159936.000000
0.038000 0.040000 17263509878391331438438581100649603948487707570115417543889824382330077184.000000
0.040000 0.042000 16354588993768751518005707214042501320794022172191912346618926546359943168.000000
0.042000 0.044000 15531242256677691835958278748063688979213722804260116855702020068573446144.000000
0.044000 0.046000 14721242836640373140148276227548096975340408262326877261558994444081954816.000000
0.046000 0.048000 13976797819202980563796406984958291673854160150160669079749899846772850688.000000
0.048000 0.050000 13239971092208116598139253477835897307892861063605722650354976054627532800.000000
0.050000 0.052000 12568607498301197712733691952807892221121238922975430535089308364512952320.000000
0.052000 0.054000 11922362444383309938655398877424683182670656041179491169532757002390863872.000000
0.054000 0.056000 11320833479393110689010082945038990767272845400045461222408324730796900352.000000
0.056000 0.058000 10741526670855684442477038912234890723868474450434507067990692266323738624.000000
0.058000 0.060000 10185144621911853334970150322036676810167903801839819950969848967238516736.000000
0.060000 0.062000 9669195871378159919486097602647743081818358408053159819965540519494287360.000000
0.062000 0.064000 9167807201165611568310729923135205244030718217771723423427707938550054912.000000
0.064000 0.066000 8710558460852775428891666840900375059384100492503143697122149899320688640.000000
0.066000 0.068000 8254127591043516387347584090742531491449020897198724209283925239662641152.000000
0.068000 0.070000 7837141013649309356982681425688563328808251199660172960360029733292867584.000000
0.070000 0.072000 7433863931781218676411138951024107512192716269503570287172298916071735296.000000
0.072000 0.074000 7057331859925844432590530115661485845640459337540036637269993220936302592.000000
0.074000 0.076000 6694575311750726575760818994420719438332469452489727759200024246601383936.000000
0.076000 0.078000 6354585972626363343796964100175000576210050542753713602085202878623907840.000000
0.078000 0.080000 6030000715585987885123884541596430785306217065385380060220397947703001088.000000
0.080000 0.082000 5724163534821152736194674842306175556261854610781896327315195905303379968.000000
0.082000 0.084000 5432611367112410128992854064059982370103057595178602923402577242740490240.000000
0.084000 0.086000 5161658499975934739670341749608485303085079801771701059407916049100701696.000000
0.086000 0.088000 4893421960692923491244249882534141939674240837720851985781676241942740992.000000
0.088000 0.090000 4643305146522076534731229221976859431185620191575161507726909779172392960.000000
0.090000 0.092000 4412877556850301570168185324338454697542683366950456765617326388334821376.000000
0.092000 0.094000 4190445461943551954172365367334564247105914372281526703258194873379979264.000000
0.094000 0.096000 3973806009750796070382820341683234204601316149820550208927324739460923392.000000
0.096000 0.098000 3775317507880129522278566594512259146479042594552265043136275143878246400.000000
0.098000 0.100000 3581852770029239979379585510561239703737692755327431418018014325500805120.000000
0.100000 0.102000 3401042786324545049227022331385589511056309341380911436168904401062199296.000000
0.102000 0.104000 3228237291459386250035801519485813956307161608431073713074641364756463616.000000
0.104000 0.106000 3064778533987986964666759401273522285968714843435855299290681195804753920.000000
0.106000 0.108000 2907748046148145874467000591918543947624828805622947874394908388455612416.000000
0.108000 0.110000 2764285694053768292257821500464690980548076564759167064981093226710564864.000000
0.110000 0.112000 2623482546904817683125459279360378136309304326646360924734123422779441152.000000
0.112000 0.114000 2491933260526692245215497405829438756669562671344847729726739964982460416.000000
0.114000 0.116000 2367013829303335156756014458152351347961901075116942249915498971608907776.000000
0.116000 0.118000 2246720822135192055005039580209134856303871731369010460344342505695739904.000000
0.118000 0.120000 2133967821601896877575991365092374419813630778755245142254133028952473600.000000
0.120000 0.122000 2024074524731471124344418166237926851882662276941155153007796957957062656.000000
0.122000 0.124000 1923285809732987631197338850230965653621611029868039969292745596083372032.000000
0.124000 0.126000 1826313977556335922606408700265710231367131186914483236120379757936246784.000000
0.126000 0.128000 1733718988900423270802691758505524485066361505092420544032133052452831232.000000
0.128000 0.130000 1648764016756771151979870008343371317027296450539126384271351255815684096.000000
0.130000 0.132000 1564947072081651506717810353684992860344936932133679973255238980164648960.000000
0.132000 0.134000 1487470735987471645949895724815998560854790575537825340651057367471882240.000000
0.134000 0.136000 1412364518392681882460509998438674966630539613003287822727418745702055936.000000
0.136000 0.138000 1340831953747600272394483271261579831480994617938705468346840325925371904.000000
0.138000 0.140000 1273425847648021175189801999938806037501007741438507772008246562988752896.000000
0.140000 0.142000 1208352494128908084512331248669922963295977222774156192793389674507796480.000000
0.142000 0.144000 1150925750944578042362689859892507760647683781242311910496190153428566016.000000
0.144000 0.146000 1092202474329486039175854106743959433038665116952407712286769045364015104.000000
0.146000 0.148000 1037677212828419620190949347136103992172743418781366781133066776860426240.000000
0.148000 0.150000 986047725759843052748988430437692115667705148845499439133923059766919168.000000
0.150000 0.152000 936699676575300632447556009230404937278434047973803137121975740145860608.000000
0.152000 0.154000 889344094464452426138767563800182442325721941592389350931046932286537728.000000
0.154000 0.156000 845165637913654511074703593052319226855462455826158032720353479775748096.000000
0.156000 0.158000 803701700556037024507476458594004615362293931456798742002978607557771264.000000
0.158000 0.160000 762884656533606912138623259341077428310060771491691773975727484012855296.000000
0.160000 0.162000 724977981004752087477092328120487256568175150338500964394004247713153024.000000
0.162000 0.164000 688433268719982971513313492296475764556161526922702598794737422933426176.000000
0.164000 0.166000 654752259373589712085459169267283557867065425195778606194653811154354176.000000
0.166000 0.168000 621874171355901629129835358509656739978235339904550224209481690089783296.000000
0.168000 0.170000 591092971248792748576281526811806924680012322362337592456042403617308672.000000
0.170000 0.172000 561941631414243631867803516133024549182254122365998457065063856891494400.000000
0.172000 0.174000 533994703803144478027489635953337201093533535992951192256289230381121536.000000
0.174000 0.176000 507480117893704213490350341308545832337742377872441224510294562604843008.000000
0.176000 0.178000 482560841174496761525183590343785489964887299797855805920948650831249408.000000
0.178000 0.180000 458492287978784025855887286865964949652854958752227284250318181299650560.000000
0.180000 0.182000 435990546917102402463182726017653419498608136684697679179749271026008064.000000
0.182000 0.184000 413957714455209041373844804178763887532074807712021146819770553619972096.000000
0.184000 0.186000 393426901240539093705356305039241487970575452372151508213366794905190400.000000
0.186000 0.188000 374289780161180993121628192562252419807616778542361974293788262540509184.000000
0.188000 0.190000 355795847450776834352229936890764100696324028903261215576447133681713152.000000
0.190000 0.192000 337974036553674833317149214373682689904010707398967015724760551657570304.000000
0.192000 0.194000 321337443499003903462741097659468880552441967371164512499697685217935360.000000
0.194000 0.196000 305517432474525224377799206942549258980289995853890506313809559600234496.000000
0.196000 0.198000 290383491200402177629857338172199454837988307514124053807308913829216256.000000
0.198000 0.200000 276272667105512556589105045119601923432212735690425479087482591833489408.000000
0.200000 0.202000 262621293256168761917686427682967817357682586833195386605835513631866880.000000
0.202000 0.204000 249759717555052450893866392894725735043648387538259872401086820256841728.000000
0.204000 0.206000 237237657538787009720112706560186392884775916793044561998413828479516672.000000
0.206000 0.208000 225772093181314720637959666058437532405574894778295645388215207923286016.000000
0.208000 0.210000 214321358001466543283317129926477338662383019365672416662412196520656896.000000
0.210000 0.212000 204072213732086700709109784578989511396370399509262214133969380200939520.000000
0.212000 0.214000 194072145850435046438277280218300907566462701654056412908193519985754112.000000
0.214000 0.216000 184574176094295021678181807079497207224420249100127383232892495279947776.000000
0.216000 0.218000 175415154076062833666759850280580736136284983299215530287621558490890240.000000
0.218000 0.220000 166771357070932639687954889271445289505624505248817327450679276688375808.000000
0.220000 0.222000 158687448864740767693510097585518032855441683855893409684524801177157632.000000
0.222000 0.224000 150879947088377678951222408974903119658794283275839733130893930878992384.000000
0.224000 0.226000 143435478911932131351074717149893449446173391905076190964492209422860288.000000
0.226000 0.228000 136491303666143675990819150649842200092967037389937010688475615484444672.000000
0.228000 0.230000 129968544597532304007742372177452461481129923480236644739252086326165504.000000
0.230000 0.232000 123541776014455048810861426964227578824745978854619827430382142696194048.000000
0.232000 0.234000 117409564962796037102411355889026031737250181170063053078682989599129600.000000
0.234000 0.236000 111655398224890177577800083118518165242941463094913980154972153619415040.000000
0.236000 0.238000 106216035654077681716467308936561045600436614413718070540227186962464768.000000
0.238000 0.240000 101039178400428263450793459630126365955522177301481072138041942926688256.000000
0.240000 0.242000 96104417460673211226009257802775098077474144433790876000915987189727232.000000
0.242000 0.244000 91527122286361839357503704400534293717155599433025003582216675864346624.000000
0.244000 0.246000 87009583264946327760541804189120282891188951707389242095906576758996992.000000
0.246000 0.248000 82790245216883705846331661590682170099012779334290197673271389503619072.000000
0.248000 0.250000 78840978282031330918364347417329613491539191529556678062973178261536768.000000
0.250000 0.252000 74890417688080233624273190001748252185121402752128445973333216191315968.000000
0.252000 0.254000 71307619456509996598040824565805359127029556701856695443011081150136320.000000
0.254000 0.256000 67817480568864904478378204684775670035690634109269073457934187918000128.000000
0.256000 0.258000 64543433779036229350174571639164273537211616307882639309015771984691200.000000
0.258000 0.260000 61412928120936136084536962796623405384169883036612942895426819514695680.000000
0.260000 0.262000 58442194797426330589638839074790715738300021706149971847655353185468416.000000
0.262000 0.264000 55611663988563430435903948735396832438909289966956697790710081451458560.000000
0.264000 0.266000 52889596707049255986877050625303695694444144097520388013735282166726656.000000
0.266000 0.268000 50335066682417226948378690047349674656489950902836402081664824592302080.000000
0.268000 0.270000 47932932370532844807236357155139745543900417315800157509838115656695808.000000
0.270000 0.272000 45613126019499628495971317867160144832599705025106261517411878822739968.000000
0.272000 0.274000 43437599727822731078449248279490235199419622721248337090965578098671616.000000
0.274000 0.276000 41275992340435254250300894488958912733451110234188188251427591583432704.000000
0.276000 0.278000 39341012138193967045492949162319910996228942871220850183302802233622528.000000
0.278000 0.280000 37405040505571442116831863605598110713367259996063830693723824782835712.000000
0.280000 0.282000 35606971526782369465279498980439801224630333616321138565893607730970624.000000
0.282000 0.284000 33896596850399430821358065277500389793625463137791495312259899784691712.000000
0.284000 0.286000 32285190895755112209856771156713288568440633299064655752122493894131712.000000
0.286000 0.288000 30719892811832057241149791233249310977446534374816375098800764247605248.000000
0.288000 0.290000 29229533664908082783455052569669102973823975016368505076845294439628800.000000
0.290000 0.292000 27830353788259858856850760909607311318754095002281959184904925082550272.000000
0.292000 0.294000 26498204559607893133646934724448630758419624292694485125568997282021376.000000
0.294000 0.296000 25232988638130108260988966499019623095217071832356929422949129796976640.000000
0.296000 0.298000 24020208124258983033173084509158640948673566650855825288380257832796160.000000
0.298000 0.300000 22872840254380762829541435047564199923763823436166551748585816829460480.000000
0.300000 0.302000 21775169922304445132842676009367894864277719196335379307192015732604928.000000
0.302000 0.304000 20734486053628198790792103114264751238944283476876607668413719241555968.000000
0.304000 0.306000 19741207314054386530749454343641665745333516686816687676033366568730624.000000
0.306000 0.308000 18788415969902071672331270918961137477654338843386937404625818098860032.000000
0.308000 0.310000 17861862845092311898162959983829549045892205614895480705836857709035520.000000
0.310000 0.312000 17045263390792199557307938868829443641815984088816608388088941250609152.000000
0.312000 0.314000 16213723423226798451948901444055375076946692012631561174995278250377216.000000
0.314000 0.316000 15457719560715564062218039032604595386199894658547075953001417823748096.000000
0.316000 0.318000 14727664493460152559364046871985102502891028699640742451818273938866176.000000
0.318000 0.320000 14011351197615444872823790240421523510538110943634377131599992249647104.000000
0.320000 0.322000 13343415817339640473253074838173305174634712566170150832366656426082304.000000
0.322000 0.324000 12706006574902833694613144074569223715176935351642717501756559834742784.000000
0.324000 0.326000 12096746592729986683969995227874357234538968509868178228563908405231616.000000
0.326000 0.328000 11539354591867687239614141755436640212192379764596379544137365010251776.000000
0.328000 0.330000 10987544666380815048992851886490717335813492116557831206544084654096384.000000
0.330000 0.332000 10456234032813879711524647065378582022299566664636904457608134670680064.000000
0.332000 0.334000 9968891574740331156183914551712080220690035887598830381788560116154368.000000
0.334000 0.336000 9492347796610463955692082091631801460112558014910652904203521145962496.000000
0.336000 0.338000 9039828464240620323717055720102797267385826539787539314639633442144256.000000
0.338000 0.340000 8624444737276492879481128910835480378399201345107984570595212804489216.000000
0.340000 0.342000 8208501133219252478897600083996681151452454594629605513686126222639104.000000
0.342000 0.344000 7818708285148458806786015965588377018844763500519491986653436530655232.000000
0.344000 0.346000 7449392257355002148123560811062970792275072047144145570805948555984896.000000
0.346000 0.348000 7098257174912978066553115708817996254081655276757701614420437367783424.000000
0.348000 0.350000 6767268288756628930315276454476676750228073242892218051038652856795136.000000
0.350000 0.352000 6438687120029404444161543564129359409271056231239703855245540647239680.000000
0.352000 0.354000 6138189831225805069229930986400462590047706081644759081784428669698048.000000
0.354000 0.356000 5845926107825306230266417441036319815407571061927024441612233533816832.000000
0.356000 0.358000 5572558996117463183168372211723425103837985204849540440595360569622528.000000
0.358000 0.360000 5310035977489107381257625401039510142639246433126177280664978898026496.000000
0.360000 0.362000 5062305122792762119432343707753632554508219862972439345334513636999168.000000
0.362000 0.364000 4818832330890004389354081459269956830376227267344036595724499554402304.000000
0.364000 0.366000 4593564587075498081088584810348880797477110407211874793368000126779392.000000
0.366000 0.368000 4376192970134735781318646125047844737068884563632741447827038750638080.000000
0.368000 0.370000 4166942481894001671943405686878171516159763690373246182229443455483904.000000
0.370000 0.372000 3974658862670052885413892147162900106059852875203033410821136851140608.000000
0.372000 0.374000 3788658017470014100146446542758908460609124584068747450863150446936064.000000
0.374000 0.376000 3607628493829670287728530795566370197377780414727965243142940357820416.000000
0.376000 0.378000 3445835866937687655922935410836321922275094409647998121360595773030400.000000
0.378000 0.380000 3281515368236317335357721131333880147820948212515573944335266914238464.000000
0.380000 0.382000 3130402582368252157608948324804258313480006204157319565490294074900480.000000
0.382000 0.384000 2983988057924230301934819780143483502807606954168845833774731804803072.000000
0.384000 0.386000 2843073776758824164558243091855038918501172869218197847277638665633792.000000
0.386000 0.388000 2710192614045964822987625687475243811783683718185116241133663143591936.000000
0.388000 0.390000 2585205834084411094203762966422395657062418773358501020937607484276736.000000
0.390000 0.392000 2465159342214278847465467585552459676985501709669822995380543233720320.000000
0.392000 0.394000 2348933800666594932146570130257382213840714714535569914768620026593280.000000
0.394000 0.396000 2237976989197955931344679439217062537897960138765299626608645229248512.000000
0.396000 0.398000 2135913501145292686336618932435698002802999730712178175308777442508800.000000
0.398000 0.400000 2035828058101799949593120352472405280113680198674975550931846043795456.000000
0.400000 0.402000 1939944867496923798228428311320710717920067722163473576324112991649792.000000
0.402000 0.404000 1851047034383380311328826408288625546784761418703235951164283949154304.000000
0.404000 0.406000 1763778359012221176229976924287054732675500066319921115622181724749824.000000
0.406000 0.408000 1682208753276825381703119236375977325426847528672202059371589385846784.000000
0.408000 0.410000 1602516422908124441279069518940239691459542907133541089274568476983296.000000
0.410000 0.412000 1529928523339578653461744756055184683104338706887099201540857549291520.000000
0.412000 0.414000 1458133791679407876092754380257183853683583777495114147571198960074752.000000
0.414000 0.416000 1391501424796859474785334331832651784925225300691542463772706918629376.000000
0.416000 0.418000 1326650723941347580611918879985613928271208224380036228184477966270464.000000
0.418000 0.420000 1264561642432683736793045537349191641791052940225701033326154161848320.000000
0.420000 0.422000 1206215147959619083360824575230482621002717254371016498842317573062656.000000
0.422000 0.424000 1149672622153794734049165911968608767508064649480943918278871988830208.000000
0.424000 0.426000 1098070215382341094658177755209713593437228817882569800881251358343168.000000
0.426000 0.428000 1046926619619972376783742031573004901471225318907540530038664893300736.000000
0.428000 0.430000 998190380653978290847883283883825486510014637781450058288640896794624.000000
0.430000 0.432000 951879767431638558933807720976969889449975049912376260378240732889088.000000
0.432000 0.434000 908895238026276960330006267145169139690496104625031800142927417573376.000000
0.434000 0.436000 867133251837524937074200915209821335090941930732775086340196475600896.000000
0.436000 0.438000 827188246627550869272856985738659616682396057064650334024980068564992.000000
0.438000 0.440000 789521476172859006867990672173058840097848378446820308510316204916736.000000
0.440000 0.442000 752179595703393708816365706048159532250019780837427714312437755805696.000000
0.442000 0.444000 716950736793083015365923482054714392177382005506624371236431831498752.000000
0.444000 0.446000 684473182859334269136026607799713535250232588570622855633579546771456.000000
0.446000 0.448000 653424241198498258336707350656989802009468040137159446348589401374720.000000
0.448000 0.450000 622692439195132092350013885496129587571226676291107058059987545751552.000000
0.450000 0.452000 594492147821838277828088466816046154078593494778722248410556450996224.000000
0.452000 0.454000 567816361834517952622734968233069372685105417671256124142020030627840.000000
0.454000 0.456000 541787878215206891330452623074432404134176420341431216615707050508288.000000
0.456000 0.458000 516897954221993349770688151350965757732600781439946278459470493253632.000000
0.458000 0.460000 492789895807277175978771598737129346371889312301658946463905748090880.000000
0.460000 0.462000 470573377574904918359965553287819417083739271552148340200095858294784.000000
0.462000 0.464000 448945407685101584589780629546390415632485928154988676689959814430720.000000
0.464000 0.466000 429175248073032538167709396616346207305869450023689013546475858165760.000000
0.466000 0.468000 408877481677932982130846679726974048356981514170995664485811857915904.000000
0.468000 0.470000 390644247863711303325731674272430965752942584707604534906669980712960.000000
0.470000 0.472000 372660327415386470110567483579960765390022568143200155746256780525568.000000
0.472000 0.474000 355765051482975910440057334662712703296263029885150922390628422647808.000000
0.474000 0.476000 339379591411724375574715220787102267858762263650792135349844492419072.000000
0.476000 0.478000 324123525503211687547641538636182615654379042041926841204986618052608.000000
0.478000 0.480000 309134208764384365086451658549898879293140000443360215321297272438784.000000
0.480000 0.482000 295347653058462020882558009558555290831719017838486991063464902918144.000000
0.482000 0.484000 282028022068011397933977589584739533819998537493345658073659778007040.000000
0.484000 0.486000 269123957590337734905988218823270218038296141552752367360736915095552.000000
0.486000 0.488000 257023072183441407301064624730714908787613730429819627831009411596288.000000
0.488000 0.490000 245137798208254781357361422126337606194506936002380069093654594060288.000000
0.490000 0.492000 234080897253354330777799916955431373732931813503866545988347199750144.000000
0.492000 0.494000 223476027817174441523689191865513019346323575380734340882353436491776.000000
0.494000 0.496000 213300722970399654080848903069631853947354501378677675206422569156608.000000
0.496000 0.498000 203501907596748821986012377312863500983626278152313585763635389530112.000000
0.498000 0.500000 194576485192435932463328896269822961137302019202669337273125981650944.000000
0.500000 0.502000 185785682554275632048901141233523940972420302318911327870318228275200.000000
0.502000 0.504000 177203974825567847699652325317223865271468399655832366390197725691904.000000
0.504000 0.506000 169305951380650598464771957386213974018941430670630341124769718468608.000000
0.506000 0.508000 161539415470084449451433752188530509561806080392465665033367713742848.000000
0.508000 0.510000 154406757328783923235655020162089351854375772397175899050649801719808.000000
0.510000 0.512000 147412461045770307594609981375509191666258530473396386080275730268160.000000
0.512000 0.514000 140752305695514246082152047343658637769894504763188164330392851054592.000000
0.514000 0.516000 134396537980772752848046809861825894817294142374280351942787242917888.000000
0.516000 0.518000 128392064796055070117567542023635083921199213796460579366424142675968.000000
0.518000 0.520000 122649750893519417564966329339356495565322310055299122778300104048640.000000
0.520000 0.522000 117141932965190983758582628219742661753269869653885327295860678066176.000000
0.522000 0.524000 111851652932716414302694523192930733801750773231650510165295058911232.000000
0.524000 0.526000 106825759693792829994592787398910818647096170723523902630488505843712.000000
0.526000 0.528000 102056155147408381800119565151937013379235139353682193661647099265024.000000
0.528000 0.530000 97511266979737803308103658456561686936756651764934908911885588889600.000000
0.530000 0.532000 93026006731109914722553870735575925213278648392561717075321125076992.000000
0.532000 0.534000 88986470131269278427610666836020564651233186912870913817845495234560.000000
0.534000 0.536000 85033603566107228337194155090382990801957218335569785901473784135680.000000
0.536000 0.538000 81163051087632200913876320285316964509829080473098062395613028286464.000000
0.538000 0.540000 77572903952923450563316681556507407396053269005686966718630151061504.000000
0.540000 0.542000 74120438899533773866476009402602662581602675159397261792171605884928.000000
0.542000 0.544000 70809168958807675560475470552939299590738539664048802708303145598976.000000
0.544000 0.546000 67605938037441586416224794087036303858240424055589995186427132903424.000000
0.546000 0.548000 64622066576694296003715532407903483255750788855694841838976133758976.000000
0.548000 0.550000 61778470907716744717528360469994110368351416426083435423288606588928.000000
0.550000 0.552000 58998396459810700178367819460351514602481208470438700969413216043008.000000
0.552000 0.554000 56363189378944617738785835232253862733880164276982109794731443617792.000000
0.554000 0.556000 53936815872139381999661678682681341250195162794222136258177859059712.000000
0.556000 0.558000 51523618000919739301297130936846874562792940129322675255260143943680.000000
0.558000 0.560000 49179600360740602178860764684771184463947228510305916035884935806976.000000
0.560000 0.562000 47050423891420923380922787535345505491615691529334871480530748047360.000000
0.562000 0.564000 44926536702988096890807678139110143737152354457714440897127941931008.000000
0.564000 0.566000 42932318011650647392977916390292683158591518264556745601726967447552.000000
0.566000 0.568000 41014372366634073613838461576634066274866911742831681508896910868480.000000
0.568000 0.570000 39231911587409899826861431646399338113683717201695262072254163320832.000000
0.570000 0.572000 37487401650859743947558022217623428610099117365921742479378392023040.000000
0.572000 0.574000 35867911766685395475368532938161956116777892488419218952753422270464.000000
0.574000 0.576000 34237586564495274103044337217605491866904695854917617378282526736384.000000
0.576000 0.578000 32746140902744548876082106078119641077810744410044068539120163487744.000000
0.578000 0.580000 31325951969667577516462003370899275079142188108941566961681011048448.000000
0.580000 0.582000 29921621767766257564642885790025495578605764560306333469248032079872.000000
0.582000 0.584000 28615202186914074806433434503314091667331214426052855162581297397760.000000
0.584000 0.586000 27339711192151586609860591850859980800974181152706608655907319447552.000000
0.586000 0.588000 26142205792951210600719128638336550312931838371470045396714714562560.000000
0.588000 0.590000 24993060965486849979868643083891135629448189545753334262833078075392.000000
0.590000 0.592000 23902699628953611544506459948876304885040055973308361808364429115392.000000
0.592000 0.594000 22868996069329799752856939812651888269695846962666179122430522425344.000000
0.594000 0.596000 21854670910280627917388916448010717029561154966104801056650023665664.000000
0.596000 0.598000 20884470960950515807076746629879608302782291177267364552010685743104.000000
0.598000 0.600000 19970777584821456751663876717408647633465962118379642522416961290240.000000
0.600000 0.602000 19096163169553285854996910660040342292721104259118343604946245517312.000000
0.602000 0.604000 18256765735378589942019387291170904052975583681411166635448785174528.000000
0.604000 0.606000 17448606761222758895749163959429280366658807013514074343973775736832.000000
0.606000 0.608000 16703163886749013912590121028487331786054701606799478638037130280960.000000
0.608000 0.610000 15969390125327883335800663562063374345940008350061071904064365658112.000000
0.610000 0.612000 15269296820695162992295109376755504567724276146222134280290306097152.000000
0.612000 0.614000 14601790984756296952660428134281836146869756021374504908928057344000.000000
0.614000 0.616000 13944838081592567361734738806956143420570810383115615151607678763008.000000
0.616000 0.618000 13363889377938233696542009713855316231375987253262478325535668699136.000000
0.618000 0.620000 12770479982009498077566972891565385905101398374782175444351764660224.000000
0.620000 0.622000 12210893728632734290604757535857734482932054522029743076934764462080.000000
0.622000 0.624000 11684958935042277500310957914812704304704438445590297595486933090304.000000
0.624000 0.626000 11183742801413119378605587785979455886410389267301178594310588727296.000000
0.626000 0.628000 10693327181081046895126085183541469111051775353035852613954285076480.000000
0.628000 0.630000 10228392590830183004065979097085672680573672691000073438048840318976.000000
0.630000 0.632000 9782015938541964930384424779206130678677666729938217380208351117312.000000
0.632000 0.634000 9361852721362332690811927111253622999536168208056626014346981408768.000000
0.634000 0.636000 8955756592086908478492735932809437608545271851945700262320030089216.000000
0.636000 0.638000 8558678342677848032529507624704184407351030249533581703808886505472.000000
0.638000 0.640000 8199965811114807353810789476486635113596316036392581722333201301504.000000
0.640000 0.642000 7846671241078220863996826804778063489871455035506616290273080115200.000000
0.642000 0.644000 7498214442027674510345116174111042130616626981325667662509975273472.000000
0.644000 0.646000 7180521208192143186290760245749357754451673977284350574163778338816.000000
0.646000 0.648000 6868940883641100438254275374686822151082642933034916055259038089216.000000
0.648000 0.650000 6572752949235220482585293548982325461347883525300294973226733273088.000000
0.650000 0.652000 6287628877846141568112472848486646033201749805191704451467507138560.000000
0.652000 0.654000 6017120806816025964107379426778180099336410031879723766083982721024.000000
0.654000 0.656000 5759423262707970373829801862306413293464576225517211302883120644096.000000
0.656000 0.658000 5510986180756105938032092438183454693599156730791206289326882160640.000000
0.658000 0.660000 5271323260041061731178303075914428309265693318810261725950798462976.000000
0.660000 0.662000 5047828420862616147431850540252985306589028618247664463069573021696.000000
0.662000 0.664000 4827170674681642994536947686210769483645147754080195138064933191680.000000
0.664000 0.666000 4622894767858803863748093352484627169909794504631113598194453315584.000000
0.666000 0.668000 4427521406163975355375616169940832208288352938716586848043703205888.000000
0.668000 0.670000 4236742087138124038514971113144709102641704993162495693138000084992.000000
0.670000 0.672000 4053736373632090179666280572389665263290721460707377807698765545472.000000
0.672000 0.674000 3878634652746231736966845046183047485714869564763831278111666733056.000000
0.674000 0.676000 3716797847022638001277708083144833704090721043456360126184945614848.000000
0.676000 0.678000 3553130486633990628738562049670932485431763437409468367591692042240.000000
0.678000 0.680000 3406142922493839142471192414202249201060672770086719121470762516480.000000
0.680000 0.682000 3256411546945774375077644013834805234093005760264352995294111072256.000000
0.682000 0.684000 3117932607275457549965029154321816554686047749089034146337366474752.000000
0.684000 0.686000 2986696216579045078938878721633298168538720287944847059290364575744.000000
0.686000 0.688000 2859862310416181806896953770320517021869679346182358952515802759168.000000
0.688000 0.690000 2736732071207748480928376584172871292735776549568227546031825354752.000000
0.690000 0.692000 2619656631564086336723073458133198276617437432797876475420053864448.000000
0.692000 0.694000 2506786104253102487043188700926348740080507685131360267480153980928.000000
0.694000 0.696000 2400119152694681255314478076313673031345087301427580459276310675456.000000
0.696000 0.698000 2300575191849209945492199141093452740674863744609721492977018208256.000000
0.698000 0.700000 2204584749115563144570147431741504326566290751534616438041271599104.000000
0.700000 0.702000 2106689794433890281791581100336842822832236559146956990085127471104.000000
0.702000 0.704000 2017580988432026183528383654322663636702911784486749302147566796800.000000
0.704000 0.706000 1933281888576793513227307575013167336373009508895010150559594315776.000000
0.706000 0.708000 1849916069680137984405697273741307980484571541164497844612490067968.000000
0.708000 0.710000 1773063416554591994991808399085448419714161512207167429191109967872.000000
0.710000 0.712000 1699295213893083907027343985042160453377300123632109011472088039424.000000
0.712000 0.714000 1625440159554483003566407366138954560042774132514896664378055065600.000000
0.714000 0.716000 1557409489029954352343076475908256845154092311979725173096141815808.000000
0.716000 0.718000 1491935054475979138340565200773943342629349850240333128812642435072.000000
0.718000 0.720000 1429593105936309762141443988928924490869391595288884164408482201600.000000
0.720000 0.722000 1367732956613094265344946672997104902912582281837468047223560339456.000000
0.722000 0.724000 1311730301418734190522359576644352888092845144234996012046901837824.000000
0.724000 0.726000 1256296625834880699557342402609849510859208903977738065953932967936.000000
0.726000 0.728000 1203686500816629625922653496765386497380333143607788384272846422016.000000
0.728000 0.730000 1152832062285175451574295541999374286230272032877466582555557888000.000000
0.730000 0.732000 1102895951839221116884022694345167772697519642177559988405557788672.000000
0.732000 0.734000 1057797316852005537325095692848338358053039530966138399747964141568.000000
0.734000 0.736000 1012595275675126159638749905105916794588608982588670475257677611008.000000
0.736000 0.738000 970203856250608168417838403607789310001176955167569197521145167872.000000
0.738000 0.740000 929242297896842332194772113011402813020331495920084180750965932032.000000
0.740000 0.742000 891883950663012975386916557609193635438091144792639603579037941760.000000
0.742000 0.744000 853404458035531240073953183400330875680426319513937142529071775744.000000
0.744000 0.746000 818902944741933892072052004434444330241624802504020481074092048384.000000
0.746000 0.748000 783985852799048356088236523661705722621158759352194697018526924800.000000
0.748000 0.750000 750258041311769349539611409654630285769007792954746250773424766976.000000
0.750000 0.752000 719744487156568092352024190751111147228756102301853507062199222272.000000
0.752000 0.754000 689880197973363244304540581545520960332708062435278495645983309824.000000
0.754000 0.756000 660332641658998092441351241333563127342921316061667819346976571392.000000
0.756000 0.758000 633431544305572587976496398155676988640306055395322309551994175488.000000
0.758000 0.760000 607402316311882781099862491766483502700424315658753443702841016320.000000
0.760000 0.762000 581911135827027990367342763569623914846725676597090525595322810368.000000
0.762000 0.764000 557493711927506333698022169584153773859273799274204532323790094336.000000
0.764000 0.766000 534354743434565296681423807745255721697796502955379611146102243328.000000
0.766000 0.768000 512156470374310708887197145540824167448160897870586070250719019008.000000
0.768000 0.770000 490768095316370578818045987221992276379407904635263207768758157312.000000
0.770000 0.772000 470331777644317579252853505437228800123078924637772984567667359744.000000
0.772000 0.774000 451061013459486539844091784019928175034201579980728379727249670144.000000
0.774000 0.776000 432433545166000885985425065105929526665384325537788432990200659968.000000
0.776000 0.778000 414272898807524556628827680909378962309757266847112058884639948800.000000
0.778000 0.780000 397371333505274055025125893229791437307505625757408435908366041088.000000
0.780000 0.782000 381021785673165259756905997290610175087897190463170803974434455552.000000
0.782000 0.784000 365014381020824458689892354202152524548562369572180336713261907968.000000
0.784000 0.786000 349936984985725215056722989815224520156689701272031758971800911872.000000
0.786000 0.788000 335121508721362628275589041874059828961794029045440610885615747072.000000
0.788000 0.790000 322108684290774413780827712497059953004924269865678725235683098624.000000
0.790000 0.792000 308237004051961523110280160132346297711929411609514336062680334336.000000
0.792000 0.794000 295851835530285089652138381395212920461798514176188529394552143872.000000
0.794000 0.796000 283418017284568922181174502080181964110228257757899027929326682112.000000
0.796000 0.798000 272067137792114272729098423537102682823947771713391494044592373760.000000
0.798000 0.800000 260569472952028717513517556209460729300925908745004595157080735744.000000
0.800000 0.802000 250053387196054536501954189495481873315061922431333362331883143168.000000
0.802000 0.804000 239840457048076915865823058240891444527568665477940035772584296448.000000
0.804000 0.806000 230051507768476981872332720247378809377372088806335149709547536384.000000
0.806000 0.808000 220464755381690373121684078814893841838237029479574735360169607168.000000
0.808000 0.810000 211531469780073287657471644731055889939543721400376445588773797888.000000
0.810000 0.812000 202973722778292563949224394079140413254913422576775723456862879744.000000
0.812000 0.814000 194650939369885216485416347843621530644316554049105935146420273152.000000
0.814000 0.816000 186602220190940446732491310609122672729470651240276001555002425344.000000
0.816000 0.818000 179056925025883841679913921354196992789717519308846228615880245248.000000
0.818000 0.820000 171604320728116282173586265294122599873720049140106632944607559680.000000
0.820000 0.822000 164998373146526590765866045822046401234658031893685479859946520576.000000
0.822000 0.824000 157982608739931555295136490544315577109310655981180756769359527936.000000
0.824000 0.826000 151425207332405114765236559126200821747610318323282183231448809472.000000
0.826000 0.828000 145348926474069087363806847633414474985763385139964136811076255744.000000
0.828000 0.830000 139436003730526604244490285283467327499230411702193911871909658624.000000
0.830000 0.832000 133755014383307867950858338859226477432625707325722521577092808704.000000
0.832000 0.834000 128319905685387856637273158094988260381459519258319543045741084672.000000
0.834000 0.836000 123074371879788318052583926945449465648143208910430566132056326144.000000
0.836000 0.838000 118022888815019206650003475204302771911659868948463379088798646272.000000
0.838000 0.840000 113310476704492192238551794238300501804667961784740145685262761984.000000
0.840000 0.842000 108715359650547945042127155810313665773318263031246635878091587584.000000
0.842000 0.844000 104393496356073218618851821945322714693938233191126297413349801984.000000
0.844000 0.846000 100131733989312983272546640391099133752007104283004460277843361792.000000
0.846000 0.848000 96050541353386200997758699515953119758829136605715423251314769920.000000
0.848000 0.850000 92194134772760464827544676668868804252280175411342214308028219392.000000
0.850000 0.852000 88442078110495435908606813617039249787856068704618508442310541312.000000
0.852000 0.854000 84854482119470639801688643983334773816205315231271869292434423808.000000
0.854000 0.856000 81471786850575340101331682110988963764711540145853450234013679616.000000
0.856000 0.858000 78238199156722486965893078918148796046171326957347676823148822528.000000
0.858000 0.860000 75033036194782672058003845723308042372801849905477393112048336896.000000
0.860000 0.862000 71971973721743307654909198716487769704527560571207411143167442944.000000
0.862000 0.864000 69113781393625908719514211333150738693839375171582957778940985344.000000
0.864000 0.866000 66269238438259772403588554009494522904256871540290612587122393088.000000
0.866000 0.868000 63655372024686343638482047116414323779970793500570765254977388544.000000
0.868000 0.870000 61124702576223312994444983397909890446222451646571902924817956864.000000
0.870000 0.872000 58696703505711488814131879665168372991023102250951224425600516096.000000
0.872000 0.874000 56346704383198265769343100003618396631240286331562068222723227648.000000
0.874000 0.876000 54033580575938629994674913763583260268557196439539997391902998528.000000
0.876000 0.878000 51911431058420697625302374976709575397318684488676410072533827584.000000
0.878000 0.880000 49830124710083927039761872622105718828913401160611395889988108288.000000
0.880000 0.882000 47790432199085498475872129183373965077121464474767315700482572288.000000
0.882000 0.884000 45883207283071395221144274985703209718765095386711222940168355840.000000
0.884000 0.886000 44061679343623087524931268908219836113556200909941983762045730816.000000
0.886000 0.888000 42268658667506132143841230595144313126449143398659058473482846208.000000
0.888000 0.890000 40635871524081602171166600859339526637776100705178487958433431552.000000
0.890000 0.892000 39036840127154615931827444115743268122523721318173294708777811968.000000
0.892000 0.894000 37424702281331908895024057495953588854243484504003802947815211008.000000
0.894000 0.896000 35959897588893144752964235721391584079954888206107020438164996096.000000
0.896000 0.898000 34554355221309376693469498122185268629457975901544787299228712960.000000
0.898000 0.900000 33135752819082462970895627232944344295875165297578163894419980288.000000
0.900000 0.902000 31829301731471169963428961667787946488283727529422136041071968256.000000
0.902000 0.904000 30600826359849955298279612828199431879156487812232332201837985792.000000
0.904000 0.906000 29366735540066318105436721983228736860312464144113235158085140480.000000
0.906000 0.908000 28233087772488229184705513516974273860531906975565026265248301056.000000
0.908000 0.910000 27094150706411545582324496866179530300569908948020018006275915776.000000
0.910000 0.912000 26018318931851020436283537495230838109798331249583233225059205120.000000
0.912000 0.914000 24986939558423932203271486107802835347472081937725498534775488512.000000
0.914000 0.916000 23995614428901987765390766959175651863093845354935516540878979072.000000
0.916000 0.918000 23053543964741274235037850890702393365363582323647136300391202816.000000
0.918000 0.920000 22147696452337488632717048262184693311867035590281273153725399040.000000
0.920000 0.922000 21290896405691644471939332586355174139025431451730150908984557568.000000
0.922000 0.924000 20434617600090725686895520601803976231479087574191835472042393600.000000
0.924000 0.926000 19635808407929440838748266223605988203010610645366532824817991680.000000
0.926000 0.928000 18868735281149316828154208050936291972883014637598649224920039424.000000
0.928000 0.930000 18114004628281446892346511084217792846002754439736271538898337792.000000
0.930000 0.932000 17409441264430445203191910189520512701677636666083381702182305792.000000
0.932000 0.934000 16734707020805273343063664508055627672521777648589879815755005952.000000
0.934000 0.936000 16063847642141826103589043991183822086363484915472468526273396736.000000
0.936000 0.938000 15433341592124861146983055089123180504643200948346168914040848384.000000
0.938000 0.940000 14826667782026507220579469364499469319273678364458390036951334912.000000
0.940000 0.942000 14246495196084149924165592946351225066670029249832888306686230528.000000
0.942000 0.944000 13686863260646149613950701425525983805814726982544118125305004032.000000
0.944000 0.946000 13137179093566853525522138743324292222134652803300040275572817920.000000
0.946000 0.948000 12640658458595378208401278005209306515565821287875029350200901632.000000
0.948000 0.950000 12140423399629532581546045206747434539181335099411645789559062528.000000
0.950000 0.952000 11680601696889726700071180212282510541148903402767056591896182784.000000
0.952000 0.954000 11210701602207948760422570357954995310164085677643266170780909568.000000
0.954000 0.956000 10773627142914050416181908246734927184917238374926307013928419328.000000
0.956000 0.958000 10364167581662956441777391800300911079467226496813756403058475008.000000
0.958000 0.960000 9966792813936128952806437996390391770797949453334218355012272128.000000
0.960000 0.962000 9577262242471058353298902071433646668926053624491605047585538048.000000
0.962000 0.964000 9196716090234651750430268140425755494422364013865339926725263360.000000
0.964000 0.966000 8846211871924291071649122214504074224571471314982716556951158784.000000
0.966000 0.968000 8502463250616066516503536782407269997078907902490191346075172864.000000
0.968000 0.970000 8164792272691630320151127677381926966136890441659848290560114688.000000
0.970000 0.972000 7848994508356045058862885116773817062121386418257124872100511744.000000
0.972000 0.974000 7543764476957357063695625621473236662405649933253566557990158336.000000
0.974000 0.976000 7245884616655945997359278091343944316689985951012162423509483520.000000
0.976000 0.978000 6977378638084661104753440239407211629395169612669512067737190400.000000
0.978000 0.980000 6700606373077033599377614624407669973415682012202685811879051264.000000
0.980000 0.982000 6443710680637328964370741571940422535682899936424788491633688576.000000
0.982000 0.984000 6196880835540825728141406832865191408426622223697610092532727808.000000
0.984000 0.986000 5958825448529849489410954733509728734449143998258231135606669312.000000
0.986000 0.988000 5732041782774823680750604701190193655071331106454913256624488448.000000
0.988000 0.990000 5509902689290312944630431033424683854640401065269522287122448384.000000
0.990000 0.992000 5296916051469934190431431691218388480321737636345290216450293760.000000
0.992000 0.994000 5095322280375153784137826700892018278208499365865825696219136000.000000
0.994000 0.996000 4900332153647187212858422898768814490023373911765037428624064512.000000
0.996000 0.998000 4708685575398673954086476812081954882868250075498915190141878272.000000
0.998000 1.000000 4524589402618186370258529942312290511707091423971896866732244992.000000
