0.000000 0.002000 48089773954413280514066846577886687294980524236697832885493833649931419648.000000
0.002000 0.004000 47983286172508256798953070696254354631718688864510880278914952816628858880.000000
0.004000 0.006000 47773124052958285931816836409169437822281546057602890229360593155689283584.000000
0.006000 0.008000 47406238828602347803758759573417370247830761721077780086277798812731834368.000000
0.008000 0.010000 47010735724317346689805164928281296688737300914990012058381526479145009152.000000
0.010000 0.012000 46499297799345678886089490353995171316970471739511345781286707533073874944.000000
0.012000 0.014000 45889674627042041457916764086507673480592040720527884311096492891178008576.000000
0.014000 0.016000 45265536658538445493771843461731066055363507842652527365886406969224331264.000000
0.016000 0.018000 44559226386509459216293423174941591821943905164903101606072307935420088320.000000
0.018000 0.020000 43755897252838120634597747632529250951110918927765554605094759029916303360.000000
0.020000 0.022000 43015589944566228585979928372552392748602175196721792835580138148211982336.000000
0.022000 0.024000 42155472731195476924070756472972273130736007991704790376623884323235299328.000000
0.024000 0.026000 41330311414168963251286381631205957763893223659043035432483063789690814464.000000
0.026000 0.028000 40415224856056093201254830454069869026894424752548096636076168515602612224.000000
0.028000 0.030000 39532027379224445109905324901154085903557881578718973904149505767752335360.000000
0.030000 0.032000 38592014939347595335414920301634674561791435592840223590085830101419687936.000000
0.032000 0.034000 37687615698938929258605820015022172214870171452541314064579086212019519488.000000
0.034000 0.036000 36690055151349317629476420002166060829748818457281909721918697308617179136.000000
0.036000 0.038000 35774036541785182287279957544211200346026883409206790926734860136380104704.000000
0.038000 0.040000 34850865700977596314891971966150050962547907547644363836448956312471994368.000000
0.040000 0.042000 33876368608855793656896776977704762187576049512847475710768058950226018304.000000
0.042000 0.044000 32969170216192365270953017976833803831949019317613716181749739650696609792.000000
0.044000 0.046000 32025509986952471745503072458568863602224341963063142403289308925819617280.000000
0.046000 0.048000 31117000441943918976534085405417105525870649980593794051872090561896775680.000000
0.048000 0.050000 30213364056048371420093076859159060112635496794512521241694293600023609344.000000
0.050000 0.052000 29320517168687388267922084832018156475909270314216271533862549313785167872.000000
0.052000 0.054000 28443500425653133331332515736991567903632899776201885810924097829037146112.000000
0.054000 0.056000 27549791147390319924145331117392426302888459770065462292141596090371670016.000000
0.056000 0.058000 26726810229872109448765297744467027148058040580572777537631375885510639616.000000
0.058000 0.060000 25862605673990462555666018455506721716040951464638479628468358342416269312.000000
0.060000 0.062000 25068521099711083963062526670594746470968064263708333080728955273374334976.000000
0.062000 0.064000 24237153919684021780610495830132185961208594234603308818000080558536785920.000000
0.064000 0.066000 23452537898338185054822611706974534131605797759388160951319330178163802112.000000
0.066000 0.068000 22684287982257841872860455433464790883318577877346508298197997651937460224.000000
0.068000 0.070000 21909108761081094747283175580265388855675035318723876233770563914617061376.000000
0.070000 0.072000 21197471205323241812380786547631403672881081892510857500362594811838988288.000000
0.072000 0.074000 20455335564309436900478604540710964836617068547732071577089062657603928064.000000
0.074000 0.076000 19770635909325098729662020932089550005953134910403936906746598077713350656.000000
0.076000 0.078000 19089456687821970238133856652931767744169474489833153405596335119018229760.000000
0.078000 0.080000 18426338992874485471596702887638153720181660058873163809393980999376830464.000000
0.080000 0.082000 17766593137896843720675876171267414296316892577413690844363891823326789632.000000
0.082000 0.084000 17144242131320592771355878121877973448440585285759237635533287181923647488.000000
0.084000 0.086000 16547204376029064591699314913115524332396520922562951049824517713488248832.000000
0.086000 0.088000 15924115642600877297070338841202033552984940878370641769154496752638754816.000000
0.088000 0.090000 15372748518250171728205716567076374094778475949544317825242975980700565504.000000
0.090000 0.092000 14828199258610962367731852656720338404859200928179853116532048766603100160.000000
0.092000 0.094000 14278682049562488205719128509326042201631800634260525210577476061329620992.000000
0.094000 0.096000 13761788421500479445710135061514332244832767386614221236318715662265483264.000000
0.096000 0.098000 13251481826442315391356530747649639643306159443766043282143987980824477696.000000
0.098000 0.100000 12756229149673926693375514622189723199065658756743108545963378828914982912.000000
0.100000 0.102000 12282052328325322030039137486849726165000443163499681708917024731793719296.000000
0.102000 0.104000 11820331834075074362322711163807798235144103721240594245793888155132231680.000000
0.104000 0.106000 11384084100174239500638358965569432758214347796896028364170799871497863168.000000
0.106000 0.108000 10950840507068302626927784389963819242931806785894738108168337061790613504.000000
0.108000 0.110000 10543085048612419248171137622578991872127209119475806669580682992128360448.000000
0.110000 0.112000 10138042881289281830869081109036469008557667503544324812108798885669896192.000000
0.112000 0.114000 9748045059709597467952579063615781061889903097829200907290895592315682816.000000
0.114000 0.116000 9382661576303449769777422362791963949054633728603061335550248050107613184.000000
0.116000 0.118000 9008901792912097991312460749148819774140840985821457378784572020082343936.000000
0.118000 0.120000 8663653923193883953179382621637072080631860693510994950393149257343303680.000000
0.120000 0.122000 8330252254756198822123437664936016078038797512936349077565115906482241536.000000
0.122000 0.124000 8013777606429511842788686554023000563529237969147066011574306326083272704.000000
0.124000 0.126000 7701438494326497107566183147589422653021466572562205578163706425713360896.000000
0.126000 0.128000 7392614117134759230467057959866709108377088053844221760023711290560086016.000000
0.128000 0.130000 7106805809694938805137043534484473498202381338246839946230282516535705600.000000
0.130000 0.132000 6832359447059241068331067125784045988561084130787143802850171164634906624.000000
0.132000 0.134000 6567348841743765650108845441410201700504577261357747781136494633676701696.000000
0.134000 0.136000 6307186809901420367818336542217911919028401366664950474666957913915916288.000000
0.136000 0.138000 6053316620126923693913240098005101181918133150900941938608512547673866240.000000
0.138000 0.140000 5812389863171266034783967490429809949657558318213546169630055282809765888.000000
0.140000 0.142000 5572148719006099274722940390819143425137252614193230636468777513968992256.000000
0.142000 0.144000 5358127090518657222816489398514891113692808480023494752355028946925912064.000000
0.144000 0.146000 5139730012438353160741687021566799330615561832673391089179933090504507392.000000
0.146000 0.148000 4938741337823499226937332989180074184599154414850634030507081125270126592.000000
0.148000 0.150000 4735666665109243290204940558185870812371040719485845758853127379626229760.000000
0.150000 0.152000 4545168577949643215764499282729644753349251508691755047501301229801177088.000000
0.152000 0.154000 4363981547368467058357331435337457930588027018805320540946460589718241280.000000
0.154000 0.156000 4186656425570822933703007908110572710713565360800869064681218865054613504.000000
0.156000 0.158000 4019275151434900703721449828773797320965147859943945243412943195638595584.000000
0.158000 0.160000 3856845567315880855326411589782148149277443247438657442683094880007225344.000000
0.160000 0.162000 3699631993612386478483062934810939771883119322207416646886782838583066624.000000
0.162000 0.164000 3547919553315537628417516215540764836148998577391039241598829514041851904.000000
0.164000 0.166000 3401887199130751640154258286902004571358167737106631434622948645797888000.000000
0.166000 0.168000 3266428746742189503052096601141708110186561367306758368193865928469905408.000000
0.168000 0.170000 3129108107306902037943792309206702854185927034876500471069093236509245440.000000
0.170000 0.172000 3003234509552264464895704133603368187617931402965476100146736233583738880.000000
0.172000 0.174000 2879301619354231231962855297984020527561255393756808484265817250411315200.000000
0.174000 0.176000 2763955122194599386462949626274949322050621851363103218716553012544798720.000000
0.176000 0.178000 2647761408337223424290263420293169567861890775174130331164620398081867776.000000
0.178000 0.180000 2536669459857024833623875542567546180437390443858562936959506133601484800.000000
0.180000 0.182000 2435038041004027429787804837802884042443677258392911723453083253007712256.000000
0.182000 0.184000 2330953265003065119701333261898061186519924449898435540566099551542312960.000000
0.184000 0.186000 2236777205554898938858498523648038117438529982265062263980164499338428416.000000
0.186000 0.188000 2143789195803800434051588315767515077884654340049902035917100012768591872.000000
0.188000 0.190000 2056262743810897309497790368221673023242825369026250222484111398126223360.000000
0.190000 0.192000 1969674302652288812988915006878440274991838130566138842641578770797953024.000000
0.192000 0.194000 1889972934788784939894324622253874974266015944600500417749766182786826240.000000
0.194000 0.196000 1807903794624653188483116555185111036341408984560276474541055052435423232.000000
0.196000 0.198000 1733489781666667885185158729478762571675480596191281571566204211609731072.000000
0.198000 0.200000 1662430962956189794220314977821654955615571625017017580712773978200997888.000000
0.200000 0.202000 1593264102940068717514950336589054046961474483456666374932344556855754752.000000
0.202000 0.204000 1525611377111129637918590206190295058592086424179321533319162795095228416.000000
0.204000 0.206000 1461035443703119165898282732356149859041166711589329208443909306763444224.000000
0.206000 0.208000 1399890351557680440915518111985572646898011729814261712752393672871378944.000000
0.208000 0.210000 1340421172792759327170971167749968729593745282521175409751327716851843072.000000
0.210000 0.212000 1286877958872636898091086561623295948097791359483479067213008017349935104.000000
0.212000 0.214000 1231888005389832427026585415127979365574378952203569567004286723188326400.000000
0.214000 0.216000 1180475386530342761609507897951007079161850080977317907369599780664639488.000000
0.216000 0.218000 1131734734059107533489445233467327962719725249288132088367910367350751232.000000
0.218000 0.220000 1082091408547591069580468838165686659558702012657317326129596307110625280.000000
0.220000 0.222000 1037047561912082533031890994640761593355383017709305842148886308993368064.000000
0.222000 0.224000 992734826537640253098503709370714045571381752564762940264502010069385216.000000
0.224000 0.226000 951554287069803614401135194152393318635978907360003296768556334177058816.000000
0.226000 0.228000 910922955013982511151248719310894770912350771840170217459796138057007104.000000
0.228000 0.230000 873768647893598864987298771426436453936894357041332591655394391541940224.000000
0.230000 0.232000 837332954874498723912955632340377675614414878586941548511591510304620544.000000
0.232000 0.234000 800908419227393752162319882011961734547528653274997619865529412153769984.000000
0.234000 0.236000 767186293511880034910932717369530272600357296732631665828897191335297024.000000
0.236000 0.238000 735072674798121990113650784740774342202649112401570285388014827427856384.000000
0.238000 0.240000 702994156119712286979246279122942075686674572513526583201654623843647488.000000
0.240000 0.242000 673575817074703120676925560664344190885351607261796083244560185989005312.000000
0.242000 0.244000 645565665247623157328484075628693719881566757435804216962436979773931520.000000
0.244000 0.246000 617978372187775200466213554161654741412015519289329709513934031934193664.000000
0.246000 0.248000 591380019823224433398701436322800544086265949222708700013870153193226240.000000
0.248000 0.250000 566416905401806065275965638376420812155991344162318446598320574401871872.000000
0.250000 0.252000 542082691444782329279050991908343716802481545544864137098290523189280768.000000
0.252000 0.254000 519504891195275204986929997385347326724008919584056739275566085113380864.000000
0.254000 0.256000 497323792100195455273824179795694081561275961650356703394090132881539072.000000
0.256000 0.258000 475931775084849178660863063731948910178157677080790617745590463255019520.000000
0.258000 0.260000 455831750183631089315171528626109291473081744783575144245946907906539520.000000
0.260000 0.262000 436158081778885321983684348573662720945279062759370249493783835075149824.000000
0.262000 0.264000 418054003241771998724678950022029533113127776236406821904465865734094848.000000
0.264000 0.266000 399780189104202238581394700428189303797986412248644028251743700429832192.000000
0.266000 0.268000 383072572373485382835404578457612368749139348305518793713457440418168832.000000
0.268000 0.270000 366613324889116743076167547128419619365933271620842247128678811477999616.000000
0.270000 0.272000 351164097138898250907735594289162350106463899192442208824907071450251264.000000
0.272000 0.274000 336167887083524355593065118275550285279047607985612128623234740488503296.000000
0.274000 0.276000 321547127187103256895498203088827780142371061213226438025703764705411072.000000
0.276000 0.278000 308210669574897714429615812008304015922775104213483747850792075574378496.000000
0.278000 0.280000 294809647757519930602694725141815699673247500270157197250498796296601600.000000
0.280000 0.282000 282213707329879485829863979419237511272466180645315050040691199213305856.000000
0.282000 0.284000 270232707706445773947942280133239476449832440229549510388090669306478592.000000
0.284000 0.286000 258743389700448915353261486257691020391759798612565396657591425666383872.000000
0.286000 0.288000 247436934500901778701147157960099428584441355248042269990543980928958464.000000
0.288000 0.290000 236846860418540976073930265007970551204560013396249544082548334822162432.000000
0.290000 0.292000 226718817074793947769375958305008268371465194807816800866738301841702912.000000
0.292000 0.294000 217042172614672422351776871066493885814106129735213370518408914268061696.000000
0.294000 0.296000 207865922681841177899924029496493365494553460705962319548790555759607808.000000
0.296000 0.298000 198791718986371385340785773487437480695810377565018461451752594821087232.000000
0.298000 0.300000 190607677730336753466153202679960388713893177796941189353135448761827328.000000
0.300000 0.302000 182500704294158835396512343172120271424579099587589707136447034494550016.000000
0.302000 0.304000 174638727416163311933546818955077010448157469703115905808991616749273088.000000
0.304000 0.306000 167146720031031744421104571807770664951177766543449552295784779813486592.000000
0.306000 0.308000 159957387232575963971456604820680625464993603072696055013463879694942208.000000
0.308000 0.310000 152824878259604135459610648833944539629050873214490859216117905169055744.000000
0.310000 0.312000 146473643594524312692771291688823675411534098642424178284738047268356096.000000
0.312000 0.314000 140187237653487252194331688669906292509457360604588443892487906117287936.000000
0.314000 0.316000 134336330970201191486868045723431533361015374970252987454170387961610240.000000
0.316000 0.318000 128650306845562244512797053135254579800166132459700112277716353048117248.000000
0.318000 0.320000 122940538028311741220054721481499538741252869245190492957536138519642112.000000
0.320000 0.322000 117753452170883055578740666677493359038018794961548044345513528499634176.000000
0.322000 0.324000 112591126906638258216583286482910873546880525355433853728796059633713152.000000
0.324000 0.326000 107847123382128921918976723347945583594682296577189870479946897843814400.000000
0.326000 0.328000 103174470529969549794108782365618847544661268483061079637721453156106240.000000
0.328000 0.330000 98800040924017404305034680658055721369726625321928769319382952374697984.000000
0.330000 0.332000 94607984887430118847704058077218077245129166267576294794872927146737664.000000
0.332000 0.334000 90534890100731646321722269067979723748581370447099538413174953827368960.000000
0.334000 0.336000 86643262485824028497965071470160001406756905151654944391111528360706048.000000
0.336000 0.338000 82937617896009295031705391833567970527402003766409608179920667446083584.000000
0.338000 0.340000 79427828737478220861427164148868124550578754386667206669944614000001024.000000
0.340000 0.342000 75990419161438454711159733298167518251096934652692508863181153531592704.000000
0.342000 0.344000 72754860329230146790617473730111727895086782631575392426400627774455808.000000
0.344000 0.346000 69636785049815337937166427561626423962828800016022636833486786357362688.000000
0.346000 0.348000 66624241509095066840150635597446136242387039307024701063509095565230080.000000
0.348000 0.350000 63830071987044148384448516717392590472738366706433229332229084218916864.000000
0.350000 0.352000 61021761375594864576516875689741749419898509517001849631555124195229696.000000
0.352000 0.354000 58489138110876450088891165141517543647070006604945210278725497953189888.000000
0.354000 0.356000 55916783608314416466958999237882513816948219963551792866302926019100672.000000
0.356000 0.358000 53503455561755151946664435062599932905783573880735617716119786896752640.000000
0.358000 0.360000 51264870023953910612592213556538397403418299418912956298283225771409408.000000
0.360000 0.362000 49076877961561282909101865276447904038286567269911746448776182645129216.000000
0.362000 0.364000 46934787313041315549697415188007620179126663116583869083298552082333696.000000
0.364000 0.366000 44937361289635980228147834120148751423500700419182739515697632179650560.000000
0.366000 0.368000 42974648697872426685713419005389363500921859121714583044203490146516992.000000
0.368000 0.370000 41123350136367643957224377833942286256075733456215336680550257605476352.000000
0.370000 0.372000 39393966666248531093919771702196401413605086034747763993182646774530048.000000
0.372000 0.374000 37709016502055646094739415884233330416626448707583313666908435125370880.000000
0.374000 0.376000 36073942866262525811562414089402726156916823611107293156833321797287936.000000
0.376000 0.378000 34535398802037415682851129610149316542614608994899595262866848443531264.000000
0.378000 0.380000 33090609290165735805195187276640150465024560545000777416265317006442496.000000
0.380000 0.382000 31646158371326193428036482277468690892942309960865091303190327011049472.000000
0.382000 0.384000 30311898888792921286438688154965106397197464265030090249807262222647296.000000
0.384000 0.386000 29024269240624476640745428231863992871259643096826636452278198132015104.000000
0.386000 0.388000 27777170119286177110927511642563343555219462366392213073205343362744320.000000
0.388000 0.390000 26593007470159594286722127201705139326689541851234829617292588565397504.000000
0.390000 0.392000 25448661924947657296185036122662302444528070803636520638166562282405888.000000
0.392000 0.394000 24351205739742734339126798149117843597582662045142871469610947846340608.000000
0.394000 0.396000 23326847199063453438840406426975148569250489029457430449372616418394112.000000
0.396000 0.398000 22339456522208333723287816467796226406962602031556431736025767143800832.000000
0.398000 0.400000 21381206196465021009444884989274678615198533221412595889430660376428544.000000
0.400000 0.402000 20441066234612413835222482308747803250093184048096010870001657043746816.000000
0.402000 0.404000 19591170889724219723468365779397804469504218992905080188726146821521408.000000
0.404000 0.406000 18720566501974733862463170900146398820550422678245002785580503609114624.000000
0.406000 0.408000 17944908959106408586030037402433087146771813959872822739866221417594880.000000
0.408000 0.410000 17167923418312319401866634260316077834793459882852073312605790575525888.000000
0.410000 0.412000 16468891170385556239003218427890552402126409189403491353686169387794432.000000
0.412000 0.414000 15748182211735131563245676374010681041562656993377659026821386772414464.000000
0.414000 0.416000 15075848338398349201985920835208603633194545795144807236406900097548288.000000
0.416000 0.418000 14422107942714853169216246131565576160926595947213778435819702136602624.000000
0.418000 0.420000 13806538755080295692212658022021112863252898289126561555713195690164224.000000
0.420000 0.422000 13215260964152258276597109671297417797758376592362732274592291615670272.000000
0.422000 0.424000 12650552069863515455456770141707944737795318706069759256660411299135488.000000
0.424000 0.426000 12122110541220898299747878316857722851273874744274117992314621367681024.000000
0.426000 0.428000 11603635780657213136289449119377970226969028576310301396607264731693056.000000
0.428000 0.430000 11105044207339124148300037913779851299811779400196474686789895126515712.000000
0.430000 0.432000 10627381292568944756439019473851255468323573019195925608126578144837632.000000
0.432000 0.434000 10177774845007503033026665060555432041409782463094174715497362143313920.000000
0.434000 0.436000 9753968431759773285093813035663971761441949336663981925595269652545536.000000
0.436000 0.438000 9337023611360368254458577312602927171592422177393759339061430901014528.000000
0.438000 0.440000 8940188468163490606533597208012967101153534288622852876884234297409536.000000
0.440000 0.442000 8548379679819434121443639918362930675272012710627799856482582244884480.000000
0.442000 0.444000 8186830837409116501355556005830374591734434310778961600776616391213056.000000
0.444000 0.446000 7836129540763442886728465180937571550966692382124869484568510036180992.000000
0.446000 0.448000 7508388174667214382953519685941010088724451356863233879395608482021376.000000
0.448000 0.450000 7186026733606759388151288520359740250603728468809130458307858297520128.000000
0.450000 0.452000 6875939562619979078218588617139978373331021125738190535914219133468672.000000
0.452000 0.454000 6592382455932055810430768311805935577950305528772037810674207322800128.000000
0.454000 0.456000 6307969672947557738506541197725314182494763159734757227584663756734464.000000
0.456000 0.458000 6046687849346102991130635367014886091985258901578937463785789864280064.000000
0.458000 0.460000 5787980891783102772945912759186490245176005109071097904896354889498624.000000
0.460000 0.462000 5536078246464350011933018659187346539686740384022934255819129278693376.000000
0.462000 0.464000 5304584643792259100599395895524336552647634777781078535986556094644224.000000
0.464000 0.466000 5085833421839508563965726312660118429978726113813906347618456968364032.000000
0.466000 0.468000 4863604085723877232255485004931978017041888437446718135701380794417152.000000
0.468000 0.470000 4659170372680690442448957524921449259664570523911730103089355361878016.000000
0.470000 0.472000 4463023724012943647412975368519863136672974288995528281116186582712320.000000
0.472000 0.474000 4273635694336582737876458474593709235093320216383032411142349702299648.000000
0.474000 0.476000 4090489330671227524972744662312154147481489533013390386245975448485888.000000
0.476000 0.478000 3917342152725640438838291714877490255761013448674742672531632693444608.000000
0.478000 0.480000 3749813692306640388008998551370723007134981861333596493203175001554944.000000
0.480000 0.482000 3594617763823949090017729507543118379849197500064202562863354114736128.000000
0.482000 0.484000 3442902939753704441447169033532050861980614696424723044946129981538304.000000
0.484000 0.486000 3295822808543863397014689295604492937679947401259246660017020708323328.000000
0.486000 0.488000 3155939165291794014099990766316281126626821332727822682553092998692864.000000
0.488000 0.490000 3023729945351853263557119050306994785389706613021960617741201002463232.000000
0.490000 0.492000 2896638347646315361558066985899297997724959375890079742723301912346624.000000
0.492000 0.494000 2772105446202251089740586745530067985562866507600494857497024059670528.000000
0.494000 0.496000 2656143473890649506586265281582770444398189542126248337538905469353984.000000
0.496000 0.498000 2541769129874745303985672836793135336335805725360565300778167168925696.000000
0.498000 0.500000 2436284595978412462461588858255510864387414091714086493175566936571904.000000
0.500000 0.502000 2334569257724769141696813373063168102058621564719921897597976189075456.000000
0.502000 0.504000 2235545746341462282865640293080723745149633978840454540768503245307904.000000
0.504000 0.506000 2139887033115839637195048720947468152777337325548949834173001553149952.000000
0.506000 0.508000 2047790443761309247785230668382286015909926685404154555651703338696704.000000
0.508000 0.510000 1963683758418128247090243701301279005565015265416430282309525649227776.000000
0.510000 0.512000 1881956016363633574413396374806761934212183427298616952416151929880576.000000
0.512000 0.514000 1801589909590521454544732894902589157796952114260504531315590420234240.000000
0.514000 0.516000 1725910859238739591541342941615043533120048672457004007187459575119872.000000
0.516000 0.518000 1652964149680686233758693520400130285443239866480003519839810346811392.000000
0.518000 0.520000 1583142689627733763664181388247225395470759566956436320993719168794624.000000
0.520000 0.522000 1518396553804224205214253859429625832940758252897618740475487779291136.000000
0.522000 0.524000 1453822178976686230205352330159679471362117136796679263507405093208064.000000
0.524000 0.526000 1390919791315057303008931208486204258109567605954786060235627193958400.000000
0.526000 0.528000 1332916853447775846099364112382138048278204892946524699507843074621440.000000
0.528000 0.530000 1277914424195336340679610124523619028329446057454949659150359130537984.000000
0.530000 0.532000 1223344591825628512920654857363488397081479834122813665423803440693248.000000
0.532000 0.534000 1172570231539139285424825367987133477099227980366155139746409916399616.000000
0.534000 0.536000 1123696661971443427275563953643527329252279114731831844753398049013760.000000
0.536000 0.538000 1077706982584278223424490885241734825515108164117591307218993721376768.000000
0.538000 0.540000 1032151577389668311808705974726781541959037144483579554450082296233984.000000
0.540000 0.542000 988612501599419417518584860850081793543426010251307376895006200561664.000000
0.542000 0.544000 946779140788824406979914213473262688264914435697544597003968616333312.000000
0.544000 0.546000 906564169882731878254185144699148269651601952585623813308767306514432.000000
0.546000 0.548000 868667561290887253934695428359427143497297657288943864939138550595584.000000
0.548000 0.550000 833068884183873770146827483778708335120680864891071931334259562774528.000000
0.550000 0.552000 798060470569561075676062308374497827733183173625912907521161915531264.000000
0.552000 0.554000 765200094752044837810484073016911999246433763282165061161344103874560.000000
0.554000 0.556000 733174724977079591303354205927589178038334803267510929440101785141248.000000
0.556000 0.558000 701910217275928480058987845337749713961251480294014602664474826506240.000000
0.558000 0.560000 672703695663372424622139140689679180347901567805809138829724429058048.000000
0.560000 0.562000 644325322715056211045070149158687060195146465724204592034408925495296.000000
0.562000 0.564000 617207020235509077776963043750490485742342247563290940892953614221312.000000
0.564000 0.566000 592406730009857404450966004140488967562071646675184699687515417739264.000000
0.566000 0.568000 567428083634551598517261981215635294924369775907588772691657504063488.000000
0.568000 0.570000 543883425506000655089592954691747739795275309821239439975008664813568.000000
0.570000 0.572000 520614861959050242178376847818237903232431970772300019908263706361856.000000
0.572000 0.574000 500053668020584643596217222426666233480908381736326487757339502837760.000000
0.574000 0.576000 478338734936244208065178382467502568677006261362844910754796570411008.000000
0.576000 0.578000 458257835246927078283836683586203195396365475011262402275263851266048.000000
0.578000 0.580000 439971021748521752731007517087558167860980630523209351291006655397888.000000
0.580000 0.582000 421114876572931656919013384742725458880683220109028693206847866273792.000000
0.582000 0.584000 404193822585065754389115868321630204185095725020649079368676112596992.000000
0.584000 0.586000 386933217709849469682650651332250328104033324348384014629374200381440.000000
0.586000 0.588000 371143981407232176760890028527814507959327514263303762907652643880960.000000
0.588000 0.590000 355473626781028128470389450584361899957477664561574965861989482496000.000000
0.590000 0.592000 340979048815173852050036802983223022469550969187167791650021633425408.000000
0.592000 0.594000 327115672003896776703889113105342008458794513213742994377738570170368.000000
0.594000 0.596000 313164782697250630232530376205570152077834355561688254751458059091968.000000
0.596000 0.598000 300018260000806397456986098609507730095809944372816847234690636054528.000000
0.598000 0.600000 287680110904759532796044177021070110931560535028437877146143606964224.000000
0.600000 0.602000 275675535871003533208590662174729581315242192772629988170233691504640.000000
0.602000 0.604000 264634507350325520649273385371833306067667704242505906381930939547648.000000
0.604000 0.606000 253474555461694558807244885898954479701758466843254181566197209759744.000000
0.606000 0.608000 243117353819563607780734246425135672098898240703917936755121145774080.000000
0.608000 0.610000 232877742207496520741412579134000152392984769464179999792726668214272.000000
0.610000 0.612000 223403125484356795662778103772258157941862494215228988425630830821376.000000
0.612000 0.614000 213903425679320584660750335221065212756446032630655729220264447180800.000000
0.614000 0.616000 204919008753192787995738368906342881931425570359658849032820903378944.000000
0.616000 0.618000 197031908855466259075519969442678352410295438899813392354734193508352.000000
0.618000 0.620000 188613812871986399300833697290266161275983982377180529916596619051008.000000
0.620000 0.622000 180730365022782806504321709421755053336126819449128701882827857199104.000000
0.622000 0.624000 173489351666561846038665548466439094804210857867719733686554027098112.000000
0.624000 0.626000 166217804603337547847424945229661598989484308599364978716396302106624.000000
0.626000 0.628000 159422387988584323208205322534200265542767413610916977513164410191872.000000
0.628000 0.630000 152876966060703332667853352610049282178730389283603703288730962886656.000000
0.630000 0.632000 146659814441292426240068795091663113741197969899782330511682133032960.000000
0.632000 0.634000 140552313541330069655293301494481091735142449113000891520229717311488.000000
0.634000 0.636000 134830943939971559263709326792193363900824782683765888658868229111808.000000
0.636000 0.638000 129228102076615653769811715818576948573129553509122028574776674484224.000000
0.638000 0.640000 124071363864502676870862519014993405557720407743123862724921310314496.000000
0.640000 0.642000 118834390216421994965011465221147525296086918446305310699559587938304.000000
0.642000 0.644000 113943223823089410237047953231726409039579379949330998925899404935168.000000
0.644000 0.646000 109245704349488806928845174828229982258166408641574862814007481335808.000000
0.646000 0.648000 104743720049426332425228584741600799678731577078924078389853926981632.000000
0.648000 0.650000 100526010655821939333244205490799563834444709354169576667412720254976.000000
0.650000 0.652000 96369134152234849512372777493493508218407026137581935902954386096128.000000
0.652000 0.654000 92473604402106371829192344290214628720236992778677943397323315871744.000000
0.654000 0.656000 88720480827668577659495518357573764798239613442023761511853376667648.000000
0.656000 0.658000 85065892270783733558639296305077627568832273508375136932393587310592.000000
0.658000 0.660000 81547138288494596628590086246289649585582716234171499313887065407488.000000
0.660000 0.662000 78251493178148662784828075102028460538061103848095721935769452937216.000000
0.662000 0.664000 75023246221160871036448065286941875751165021457013051995589588287488.000000
0.664000 0.666000 71933155685069695578510985087826382882046361197171331306581634580480.000000
0.666000 0.668000 69062021741191139223698858834434890946296989796760656615627122802688.000000
0.668000 0.670000 66243065124054430443508125075580839874494954156703312461127804256256.000000
0.670000 0.672000 63540618205806888122354211641414778799973151339799276452103759855616.000000
0.672000 0.674000 60923253396870827918141683650769748623782423695360967462625258504192.000000
0.674000 0.676000 58513312367891902972042444449144417250183466144793143579227012988928.000000
0.676000 0.678000 56030337079106043296089373916272946945442293062842731564886690627584.000000
0.678000 0.680000 53847165718124276552491965511926703343948787192773494551936801701888.000000
0.680000 0.682000 51635289776379256030888284866540866300099682828573110516529282154496.000000
0.682000 0.684000 49501007762587843583403382476450384703154807072468595755856527622144.000000
0.684000 0.686000 47460917462460535872656662126376237402909503260067482173504760053760.000000
0.686000 0.688000 45610842215522290000202024748096461857397325509902519970323677315072.000000
0.688000 0.690000 43724582060495002534176588208220140187283788901575685177119252414464.000000
0.690000 0.692000 41953830739838144400997393139727839427081246973774572976090239729664.000000
0.692000 0.694000 40232436794486700811731386878518479571944737907413962517806623752192.000000
0.694000 0.696000 38632004498216665463075050571326340199098713313598415782537471197184.000000
0.696000 0.698000 37087963032474601658514368001765428628353798497802568336064106201088.000000
0.698000 0.700000 35568438089050659782233620655489486421228113265641864670153881419776.000000
0.700000 0.702000 34109489548525033305887168440540399868722061454715816354767624470528.000000
0.702000 0.704000 32713882743765985462548534244092526493275615195569941690220340576256.000000
0.704000 0.706000 31418853433745125475964943915270270483761015401291366682704746643456.000000
0.706000 0.708000 30135561181140007069719627032840416728648513768391308308277022949376.000000
0.708000 0.710000 28931984687052072375517531970145376642883057666338723247574331949056.000000
0.710000 0.712000 27791906749745301448450243571003586780143706563709869557146888175616.000000
0.712000 0.714000 26643189620820244187399362510405139078553315907408335041592815517696.000000
0.714000 0.716000 25580601327123420427076198410997307602973340365471766743439359606784.000000
0.716000 0.718000 24546198266555045689196203650018847401785566363647450230321957568512.000000
0.718000 0.720000 23562859476361867612977483101705705269655710969794824845590666412032.000000
0.720000 0.722000 22621782420372338032292840080395167082566917873352482145866822451200.000000
0.722000 0.724000 21697368466681739858300125493114825806909158254160042751313531895808.000000
0.724000 0.726000 20813786725028815381304046005204092750418944385554899615809422753792.000000
0.726000 0.728000 19985686129566955691255971835075436044722071658277837754041462947840.000000
0.728000 0.730000 19183477752321645579270649564602251832741310845489990289350708953088.000000
0.730000 0.732000 18402916303609562115371728118335744357958350901400781721329742118912.000000
0.732000 0.734000 17672374541395852241074539844806624315158728799461929653109893627904.000000
0.734000 0.736000 16970329562743211130150338581280174239743058003133768246636478201856.000000
0.736000 0.738000 16282563751718677292056066899715253577403108572915366865892523638784.000000
0.738000 0.740000 15633335123442324471188745777623420154708296660543306167635813597184.000000
0.740000 0.742000 15016228843038841634219973534783213644327675557048312680097572192256.000000
0.742000 0.744000 14407333914006478535342420191526237796202730797599019344739176546304.000000
0.744000 0.746000 13845733177474593221269098095617078681183331020646729090734286176256.000000
0.746000 0.748000 13286112557687744338725604777748646449250038542044761857221181046784.000000
0.748000 0.750000 12737875631866020606678212989575348648276405477577142138060320800768.000000
0.750000 0.752000 12234068016518848826872520837532926540325447402626592810144182042624.000000
0.752000 0.754000 11738201649631098621615798650057591708565994958955167795100648472576.000000
0.754000 0.756000 11268328811728865255886528735627071219460934825551831744688806690816.000000
0.756000 0.758000 10828135350775097993881438726308531826798558688838018188684568821760.000000
0.758000 0.760000 10395714346148494454928804778358785704936170780152897142918385500160.000000
0.760000 0.762000 9981135960149208465468514766172394505289406647045328625859693641728.000000
0.762000 0.764000 9590245019150002606781426706527289243052481796431277774955064852480.000000
0.764000 0.766000 9200830644303033870017998456356590188051410116249565911557737545728.000000
0.766000 0.768000 8830499397569840856772398234626092773578261682996844893397040758784.000000
0.768000 0.770000 8481493386959383804851491217712856814572920401921003016375272210432.000000
0.770000 0.772000 8149712469916524748254573682970109358058538387286290138591607652352.000000
0.772000 0.774000 7823075075744342096834189387412053944107433599661350984609744027648.000000
0.774000 0.776000 7512736823566810104383433147934715371792072849475295057129240526848.000000
0.776000 0.778000 7216701028201118229259291596954380454135655614681380835097965494272.000000
0.778000 0.780000 6931876551542558777036569019864885622192585429239170981498051362816.000000
0.780000 0.782000 6661613315045015038409805896692041804254641479636029983094839705600.000000
0.782000 0.784000 6394889359437713858287734806133395321763363960061819981941648130048.000000
0.784000 0.786000 6140707836525306214945981389065315195237458391605796310734291861504.000000
0.786000 0.788000 5894258374081781796902826594875241295493513971954946817477197168640.000000
0.788000 0.790000 5661316980431792375387469125615138272302382880892168092442347700224.000000
0.790000 0.792000 5436602833531994250609903620310226120385764148308779523707292876800.000000
0.792000 0.794000 5222548638699924975346850221446052638346237451993211850642241355776.000000
0.794000 0.796000 5017924569914803762128478234321976273346660606895853493229166002176.000000
0.796000 0.798000 4819774572660664084053183284163253353035027098278832475098679607296.000000
0.798000 0.800000 4624622153954397269919182234986908781032721776763374817073923358720.000000
0.800000 0.802000 4445799146349466981360759377956897218117300729061032623227046723584.000000
0.802000 0.804000 4273687313392928866057620745309608638481197599553409379271155122176.000000
0.804000 0.806000 4104590398018645882267889263323009321922228874553593904084021149696.000000
0.806000 0.808000 3939305290668636972306466585237504699299159838382347741300231503872.000000
0.808000 0.810000 3788979579017604800498572160473149079666370139678388975537622089728.000000
0.810000 0.812000 3638767027822088208697975192007340261134642646527464900455053656064.000000
0.812000 0.814000 3496920360445191289534333124332801940199688094961336069898819862528.000000
0.814000 0.816000 3357759100062825668700722086913586303647387019457403690350647705600.000000
0.816000 0.818000 3226887008446617086332960966529221071023173650356032801780080312320.000000
0.818000 0.820000 3097184790838005731897009285032193408995552857488012401004091801600.000000
0.820000 0.822000 2980299200787259492621516310642660602986201132306691212724951580672.000000
0.822000 0.824000 2862285933313887438651177669050020311212784016668452847815514652672.000000
0.824000 0.826000 2748434159567878437299449804408553747061119045004473429698300346368.000000
0.826000 0.828000 2641265825994258877558863586798499690562639822981191392667803582464.000000
0.828000 0.830000 2537460598629918374129222251105804820126956400863989607771645411328.000000
0.830000 0.832000 2439252351560873666783793413669836195275941951845376328357463982080.000000
0.832000 0.834000 2343625567727470827939764371349258723732835466325064864086387326976.000000
0.834000 0.836000 2251037450237723749274131711610349721980816326864407749592172462080.000000
0.836000 0.838000 2163845218711281133277460471232263221518306103986399957978548535296.000000
0.838000 0.840000 2078339412346338617655344026469758792729098121966783702776336613376.000000
0.840000 0.842000 1995555904673716465658903403577794592884827078474043129245560995840.000000
0.842000 0.844000 1920805227928934725010257801599235245538591757092810270186424762368.000000
0.844000 0.846000 1845411962610174186156356227507386548416972278691608219347333414912.000000
0.846000 0.848000 1774330616879902399755128739851782419697353987515291305244270526464.000000
0.848000 0.850000 1704759297586661347023289104674495096348214092537153892371480444928.000000
0.850000 0.852000 1639024166817315957415616702504109330421880236991033611410384879616.000000
0.852000 0.854000 1574627771575381835675604460471721448197240924225244815862632808448.000000
0.854000 0.856000 1513354666208414315942206283159851938958399125090350049261334298624.000000
0.856000 0.858000 1455436756687452509727470008321117471387938058720641930641289510912.000000
0.858000 0.860000 1399003113407031254916118874309242738751430082963237233852141273088.000000
0.860000 0.862000 1342287291090365734397807644260896023443593940094642667123093012480.000000
0.862000 0.864000 1292753401530660648705401515398131057239566747300797529876254949376.000000
0.864000 0.866000 1241704915337483527689416617635659932973445714773341532891681652736.000000
0.866000 0.868000 1194568282845054290358431549162842974505441017673808050120489435136.000000
0.868000 0.870000 1147863398133863976499441490105680508140272314238817896490726326272.000000
0.870000 0.872000 1104421456334504899318940812787661868588288522153771055257994919936.000000
0.872000 0.874000 1060858750408506195086003536210973368600905648254024436888538972160.000000
0.874000 0.876000 1019659988964150453959637122532666667925892231431488638726831079424.000000
0.876000 0.878000 981328607746449658463435419230791862750385871838149499880032174080.000000
0.878000 0.880000 943406573043326182432662143971105994720330527660609691337810247680.000000
0.880000 0.882000 906106921561188746350311475559922564823060953088358713040578805760.000000
0.882000 0.884000 871551189401071624800304671547076669533107241822713821551820537856.000000
0.884000 0.886000 837978832059166835574618544992350640591156426032508195996258271232.000000
0.886000 0.888000 806277877961864604263083556252984407880407321121139107142461030400.000000
0.888000 0.890000 774384099451935728974089654888288331611118738527916096835869999104.000000
0.890000 0.892000 745502864658929379418942229802793320666062035105225952767755943936.000000
0.892000 0.894000 715543816237136985215639077497208992329095109242861665337187762176.000000
0.894000 0.896000 689369405302959736492695707808290444771042230620487621425907105792.000000
0.896000 0.898000 662543082505107478170983054321932712693000597884627449881540165632.000000
0.898000 0.900000 636715971428353137604156568858241647330829869811148320926689394688.000000
0.900000 0.902000 612648265557238200477464195223980462832223028579395977702363103232.000000
0.902000 0.904000 589705290698104413273099289921254016154249775238760182068300218368.000000
0.904000 0.906000 566622369621571415657855397889727716340295237863790432131561291776.000000
0.906000 0.908000 545613645394139575204056687465228704461213629095054612863444320256.000000
0.908000 0.910000 524146107407680308288529403102446425587102058255572147030850535424.000000
0.910000 0.912000 503981500471754806999501830907170384098565246095003921647918907392.000000
0.912000 0.914000 484807268431348051820597166952588492142876474630677258400243384320.000000
0.914000 0.916000 466496490480216664727619740858078426086093767546570184443819982848.000000
0.916000 0.918000 448357887876826559426171776019160801001533487609953005916397764608.000000
0.918000 0.920000 432012226530953356397154369876497750418000755066052354049153433600.000000
0.920000 0.922000 415488630225738195365611377373304063155462806010505015525111758848.000000
0.922000 0.924000 399158492715219290609249977365538858116427690429537765894184239104.000000
0.924000 0.926000 383893948025223159060781308856749701619489301086861857267178799104.000000
0.926000 0.928000 369263960798336639044363776166767230965453411687543256967653883904.000000
0.928000 0.930000 355459323643781600580914391035407057434026061278261172083315703808.000000
0.930000 0.932000 341933009959190633435905373313272451854687893712480388574995283968.000000
0.932000 0.934000 329124478256647367237373263116784867335755753801601002544406986752.000000
0.934000 0.936000 316505070375721217349489179398968655253239825233794114842286620672.000000
0.936000 0.938000 304556716559657461105262108104581719054427542434361579005796155392.000000
0.938000 0.940000 292843063060257470094846357091407701386987462838500539790067236864.000000
0.940000 0.942000 281670454230910288572869858880474571038082883266357680669192093696.000000
0.942000 0.944000 271136595902740307562801263142373191753455742563255357367763599360.000000
0.944000 0.946000 260679066252623121865271745919454245063799041367262397627633762304.000000
0.946000 0.948000 250969985527854146586056353922218870912602632112137072165668257792.000000
0.948000 0.950000 241625887266868749250715231381811506234207860714548947009312653312.000000
0.950000 0.952000 232556171104773036134941445537425325850031830705937260726280257536.000000
0.952000 0.954000 223601368026796184912536365428488841354012961973290639592796454912.000000
0.954000 0.956000 215164702609185340978372086031611278841190923823157965066248126464.000000
0.956000 0.958000 207148913719189842024047471582185368901311192123826178974835277824.000000
0.958000 0.960000 199423251683911616917283729555037693445921288746879437052584132608.000000
0.960000 0.962000 191789336294165315141973266692668475804585443338682430697127280640.000000
0.962000 0.964000 184694296400050886823077497958053207417659624883137776777900851200.000000
0.964000 0.966000 177577391637931304337668326227712016187524340787666694792743485440.000000
0.966000 0.968000 171021332514266384954263958589891399859965192937700689293650952192.000000
0.968000 0.970000 164487838247860419584213404561849252082882335723099808889216958464.000000
0.970000 0.972000 158453820896018073023365672444304157206993966293701625522094604288.000000
0.972000 0.974000 152485574807019860683343014744656520825126059468868604053180907520.000000
0.974000 0.976000 146638382448780729778915540413402844828632162270906933109910929408.000000
0.976000 0.978000 141382049647095550202813258466469342402425278904196150886028804096.000000
0.978000 0.980000 135944293684870540102501020138434033032672621594298112781022396416.000000
0.980000 0.982000 130895131322773419060537704717993361948180347557448444997688885248.000000
0.982000 0.984000 125997132952251173061773972617659640045489118234310016138464985088.000000
0.984000 0.986000 121363376835326214537930532541313808248842375410211543239071105024.000000
0.986000 0.988000 116818151273370762801791351714924867124410075436693249141011120128.000000
0.988000 0.990000 112425094255591393150613335070031680560536956004129829445777227776.000000
0.990000 0.992000 108219374662932785740060938986149787156641415931706414437190598656.000000
0.992000 0.994000 104274402250950072072956787836668996174930465394990384228677451776.000000
0.994000 0.996000 100300106121343175362480144760124645319429444169554965923765420032.000000
0.996000 0.998000 96529321559168015233688448312585437134943225492440049167393357824.000000
0.998000 1.000000 92818308309330294488118173535569987083514270956418785557365129216.000000
