0.000000 0.002000 220457479181608943616.000000
0.002000 0.004000 208962755024484073472.000000
0.004000 0.006000 198184986344127922176.000000
0.006000 0.008000 187772047494816169984.000000
0.008000 0.010000 178138770751528468480.000000
0.010000 0.012000 168867684111971352576.000000
0.012000 0.014000 160138359851030380544.000000
0.014000 0.016000 151835663643931246592.000000
0.016000 0.018000 143978978585778176000.000000
0.018000 0.020000 136471489981667753984.000000
0.020000 0.022000 129459506907333263360.000000
0.022000 0.024000 122729427450871627776.000000
0.024000 0.026000 116444125673984081920.000000
0.026000 0.028000 110398978334877810688.000000
0.028000 0.030000 104736867408843472896.000000
0.030000 0.032000 99400758046684348416.000000
0.032000 0.034000 94133746913751334912.000000
0.034000 0.036000 89363323776037994496.000000
0.036000 0.038000 84672359841386692608.000000
0.038000 0.040000 80390610970049921024.000000
0.040000 0.042000 76174118592361316352.000000
0.042000 0.044000 72215239377787273216.000000
0.044000 0.046000 68625185764753408000.000000
0.046000 0.048000 65045183147459584000.000000
0.048000 0.050000 61702428575306940416.000000
0.050000 0.052000 58510162028062400512.000000
0.052000 0.054000 55569884664788533248.000000
0.054000 0.056000 52757789468742131712.000000
0.056000 0.058000 50052910894494400512.000000
0.058000 0.060000 47403345698165170176.000000
0.060000 0.062000 45013042502492594176.000000
0.062000 0.064000 42696494360447418368.000000
0.064000 0.066000 40533368511093522432.000000
0.066000 0.068000 38443513511245152256.000000
0.068000 0.070000 36487610337961050112.000000
0.070000 0.072000 34661410886650839040.000000
0.072000 0.074000 32856272220304453632.000000
0.074000 0.076000 31190799817065414656.000000
0.076000 0.078000 29625044516421746688.000000
0.078000 0.080000 28106853351538679808.000000
0.080000 0.082000 26673136582867111936.000000
0.082000 0.084000 25291838753392984064.000000
0.084000 0.086000 24022988182135222272.000000
0.086000 0.088000 22790400578282536960.000000
0.088000 0.090000 21657275681018564608.000000
0.090000 0.092000 20550099329603911680.000000
0.092000 0.094000 19505137610942431232.000000
0.094000 0.096000 18507148867155001344.000000
0.096000 0.098000 17590899909980323840.000000
0.098000 0.100000 16674021914985103360.000000
0.100000 0.102000 15827144055210981376.000000
0.102000 0.104000 15031354490737096704.000000
0.104000 0.106000 14300142276252549120.000000
0.106000 0.108000 13556610293832759296.000000
0.108000 0.110000 12873164598753579008.000000
0.110000 0.112000 12212479275387860992.000000
0.112000 0.114000 11614163843864453120.000000
0.114000 0.116000 11018500542604648448.000000
0.116000 0.118000 10451069297864564736.000000
0.118000 0.120000 9923151142054139904.000000
0.120000 0.122000 9433144521384355840.000000
0.122000 0.124000 8955815160332663808.000000
0.124000 0.126000 8501300347995211776.000000
0.126000 0.128000 8079094195800413184.000000
0.128000 0.130000 7665337313323550720.000000
0.130000 0.132000 7285924105838387200.000000
0.132000 0.134000 6928926341163295744.000000
0.134000 0.136000 6572682959833367552.000000
0.136000 0.138000 6251743268987395072.000000
0.138000 0.140000 5935177443957405696.000000
0.140000 0.142000 5630976254018289664.000000
0.142000 0.144000 5356184433945522176.000000
0.144000 0.146000 5082946946955430912.000000
0.146000 0.148000 4831221309907255296.000000
0.148000 0.150000 4588389982484033536.000000
0.150000 0.152000 4358998990139226112.000000
0.152000 0.154000 4143727975027642880.000000
0.154000 0.156000 3936681384327683072.000000
0.156000 0.158000 3739267053172703232.000000
0.158000 0.160000 3552914924835487744.000000
0.160000 0.162000 3378222522599478784.000000
0.162000 0.164000 3207029669364639744.000000
0.164000 0.166000 3047020955384929280.000000
0.166000 0.168000 2900567340775950848.000000
0.168000 0.170000 2753415015923369984.000000
0.170000 0.172000 2615244444884572160.000000
0.172000 0.174000 2486823127317970944.000000
0.174000 0.176000 2362732854881338880.000000
0.176000 0.178000 2245482567580014592.000000
0.178000 0.180000 2134687651070760704.000000
0.180000 0.182000 2029111985198303744.000000
0.182000 0.184000 1928020678362394624.000000
0.184000 0.186000 1833611507889717504.000000
0.186000 0.188000 1741052181610641152.000000
0.188000 0.190000 1657604784213601024.000000
0.190000 0.192000 1573163184948406272.000000
0.192000 0.194000 1497287758917009920.000000
0.194000 0.196000 1422363973621254400.000000
0.196000 0.198000 1351896857256125952.000000
0.198000 0.200000 1286211056329313280.000000
0.200000 0.202000 1223369542139282432.000000
0.202000 0.204000 1161409289806294272.000000
0.204000 0.206000 1104669988201166464.000000
0.206000 0.208000 1049903506536440704.000000
0.208000 0.210000 998198939519529600.000000
0.210000 0.212000 950553650957851520.000000
0.212000 0.214000 903582050183735552.000000
0.214000 0.216000 858857440703435904.000000
0.216000 0.218000 816993744875773952.000000
0.218000 0.220000 776399952401025792.000000
0.220000 0.222000 738294980401000832.000000
0.222000 0.224000 702255264000656256.000000
0.224000 0.226000 668651583630295680.000000
0.226000 0.228000 635619432677682432.000000
0.228000 0.230000 604801005634873472.000000
0.230000 0.232000 575664543092686592.000000
0.232000 0.234000 546730663251570240.000000
0.234000 0.236000 520323144253000832.000000
0.236000 0.238000 495105384829740032.000000
0.238000 0.240000 470723712504167808.000000
0.240000 0.242000 447741030006807040.000000
0.242000 0.244000 425709448168272128.000000
0.244000 0.246000 405271667341099968.000000
0.246000 0.248000 385399359085073472.000000
0.248000 0.250000 366721266135187008.000000
0.250000 0.252000 349116513558216768.000000
0.252000 0.254000 332309202766155008.000000
0.254000 0.256000 315978976985360192.000000
0.256000 0.258000 300557346372772608.000000
0.258000 0.260000 285912572404479200.000000
0.260000 0.262000 272011809226280160.000000
0.262000 0.264000 259055756317405152.000000
0.264000 0.266000 246304755974986048.000000
0.266000 0.268000 234583963125222784.000000
0.268000 0.270000 223241868522590240.000000
0.270000 0.272000 212278549665356480.000000
0.272000 0.274000 202190870048795680.000000
0.274000 0.276000 192269772746991392.000000
0.276000 0.278000 183207571529895904.000000
0.278000 0.280000 174240604140208064.000000
0.280000 0.282000 165872244268969472.000000
0.282000 0.284000 157821015225117728.000000
0.284000 0.286000 150460495685125856.000000
0.286000 0.288000 143003294730010960.000000
0.288000 0.290000 136270060766764864.000000
0.290000 0.292000 129633202056047216.000000
0.292000 0.294000 123404941601390576.000000
0.294000 0.296000 117537972037307424.000000
0.296000 0.298000 111929671101685504.000000
0.298000 0.300000 106548601557127888.000000
0.300000 0.302000 101409592395434624.000000
0.302000 0.304000 96598328718847888.000000
0.304000 0.306000 91858522372852320.000000
0.306000 0.308000 87563836513435792.000000
0.308000 0.310000 83230062793235280.000000
0.310000 0.312000 79323246430001968.000000
0.312000 0.314000 75542379045038320.000000
0.314000 0.316000 71998821737001504.000000
0.316000 0.318000 68628393354134120.000000
0.318000 0.320000 65186073070517808.000000
0.320000 0.322000 62145976554668000.000000
0.322000 0.324000 59242423063311320.000000
0.324000 0.326000 56390539322409808.000000
0.326000 0.328000 53716709623990736.000000
0.328000 0.330000 51172438813674608.000000
0.330000 0.332000 48750015938855504.000000
0.332000 0.334000 46403349321927152.000000
0.334000 0.336000 44240894396503264.000000
0.336000 0.338000 42109923723576728.000000
0.338000 0.340000 40117814807017432.000000
0.340000 0.342000 38233730261439592.000000
0.342000 0.344000 36436010211472024.000000
0.344000 0.346000 34696268609940504.000000
0.346000 0.348000 33042992318055384.000000
0.348000 0.350000 31483605379376728.000000
0.350000 0.352000 30011407498257860.000000
0.352000 0.354000 28606733533716440.000000
0.354000 0.356000 27245873867808636.000000
0.356000 0.358000 25932238465405648.000000
0.358000 0.360000 24714092760493092.000000
0.360000 0.362000 23560602984614936.000000
0.362000 0.364000 22460430847831428.000000
0.364000 0.366000 21403962899561764.000000
0.366000 0.368000 20379919105831000.000000
0.368000 0.370000 19425325593559452.000000
0.370000 0.372000 18523532609437412.000000
0.372000 0.374000 17647519079985670.000000
0.374000 0.376000 16825707733415498.000000
0.376000 0.378000 16042979560605688.000000
0.378000 0.380000 15298367824104630.000000
0.380000 0.382000 14569022174544080.000000
0.382000 0.384000 13896553441360576.000000
0.384000 0.386000 13251982306165574.000000
0.386000 0.388000 12626107550610400.000000
0.388000 0.390000 12034738852897336.000000
0.390000 0.392000 11469975205593842.000000
0.392000 0.394000 10933925147030336.000000
0.394000 0.396000 10432222256652846.000000
0.396000 0.398000 9946022123428480.000000
0.398000 0.400000 9481641525689262.000000
0.400000 0.402000 9031453515549606.000000
0.402000 0.404000 8617467504377975.000000
0.404000 0.406000 8210926456405985.000000
0.406000 0.408000 7827861404517402.000000
0.408000 0.410000 7471125251686426.000000
0.410000 0.412000 7130196500719311.000000
0.412000 0.414000 6792544654254130.000000
0.414000 0.416000 6481593127007105.000000
0.416000 0.418000 6170715711400018.000000
0.418000 0.420000 5893730640728627.000000
0.420000 0.422000 5621181815109393.000000
0.422000 0.424000 5356438204146538.000000
0.424000 0.426000 5116211757270942.000000
0.426000 0.428000 4872094761930970.000000
0.428000 0.430000 4649437449389807.000000
0.430000 0.432000 4435115680238714.500000
0.432000 0.434000 4229467924592251.000000
0.434000 0.436000 4041052648779889.500000
0.436000 0.438000 3852738797471126.000000
0.438000 0.440000 3675749130000675.000000
0.440000 0.442000 3501203158564117.500000
0.442000 0.444000 3343022237398777.500000
0.444000 0.446000 3185288870341190.500000
0.446000 0.448000 3042375840070402.500000
0.448000 0.450000 2904738541702774.000000
0.450000 0.452000 2771375309266670.500000
0.452000 0.454000 2645987790813223.000000
0.454000 0.456000 2523003808436884.000000
0.456000 0.458000 2409181028134570.500000
0.458000 0.460000 2296181430493187.000000
0.460000 0.462000 2193185180428139.250000
0.462000 0.464000 2093648583925215.250000
0.464000 0.466000 1996470220180444.750000
0.466000 0.468000 1904235292040421.500000
0.468000 0.470000 1818429152351615.000000
0.470000 0.472000 1735828288308247.000000
0.472000 0.474000 1656352333848437.000000
0.474000 0.476000 1581588805923763.250000
0.476000 0.478000 1508835149266960.250000
0.478000 0.480000 1439658265795353.000000
0.480000 0.482000 1374937604040816.000000
0.482000 0.484000 1312449295880863.750000
0.484000 0.486000 1253606052579163.250000
0.486000 0.488000 1197174105421584.000000
0.488000 0.490000 1141835556558671.500000
0.490000 0.492000 1090046167973928.750000
0.492000 0.494000 1040230489125265.500000
0.494000 0.496000 992611572300382.125000
0.496000 0.498000 948556602992157.875000
0.498000 0.500000 905457664531994.375000
0.500000 0.502000 865568340419584.000000
0.502000 0.504000 826131204657760.875000
0.504000 0.506000 788311460254210.500000
0.506000 0.508000 751985014743952.000000
0.508000 0.510000 719485027848332.875000
0.510000 0.512000 686864122745656.750000
0.512000 0.514000 655732690829170.000000
0.514000 0.516000 626278965047428.250000
0.516000 0.518000 597927354194443.625000
0.518000 0.520000 570893997409410.750000
0.520000 0.522000 545858321078873.125000
0.522000 0.524000 521264088282773.812500
0.524000 0.526000 497569680310444.937500
0.526000 0.528000 475513453814394.500000
0.528000 0.530000 454233474619692.500000
0.530000 0.532000 433651037184313.062500
0.532000 0.534000 414649545205786.250000
0.534000 0.536000 395845830273353.875000
0.536000 0.538000 377974274903530.750000
0.538000 0.540000 361432917997086.125000
0.540000 0.542000 345279230707228.250000
0.542000 0.544000 329758116677434.000000
0.544000 0.546000 314848064319903.437500
0.546000 0.548000 300853408440106.750000
0.548000 0.550000 287422706390767.562500
0.550000 0.552000 274745345769064.062500
0.552000 0.554000 262796895423217.500000
0.554000 0.556000 251310957822919.250000
0.556000 0.558000 240084654329232.093750
0.558000 0.560000 229135833002844.468750
0.560000 0.562000 218965875339382.281250
0.562000 0.564000 208894288365157.031250
0.564000 0.566000 199956229381905.062500
0.566000 0.568000 191121211657334.312500
0.568000 0.570000 182572826705996.218750
0.570000 0.572000 174519850246312.406250
0.572000 0.574000 166967089754989.843750
0.574000 0.576000 159563788214870.656250
0.576000 0.578000 152489233441581.906250
0.578000 0.580000 145901636950951.875000
0.580000 0.582000 139257590713602.281250
0.582000 0.584000 133168051602353.906250
0.584000 0.586000 127335498998457.031250
0.586000 0.588000 121825783391159.468750
0.588000 0.590000 116350807709285.484375
0.590000 0.592000 111300738125508.625000
0.592000 0.594000 106452219699763.437500
0.594000 0.596000 101641511112080.062500
0.596000 0.598000 97292713957665.031250
0.598000 0.600000 92986813380356.203125
0.600000 0.602000 88899894244388.125000
0.602000 0.604000 85051222865728.000000
0.604000 0.606000 81395047226089.703125
0.606000 0.608000 77822328250080.734375
0.608000 0.610000 74337962005597.234375
0.610000 0.612000 71096027590354.609375
0.612000 0.614000 68061699299492.531250
0.614000 0.616000 65000009356965.406250
0.616000 0.618000 62248176899089.992188
0.618000 0.620000 59559855205084.085938
0.620000 0.622000 56904110904267.265625
0.622000 0.624000 54416138505196.414062
0.624000 0.626000 52083432013294.679688
0.626000 0.628000 49829819591446.734375
0.628000 0.630000 47600383183233.359375
0.630000 0.632000 45578560384972.781250
0.632000 0.634000 43606397970944.046875
0.634000 0.636000 41691419670571.960938
0.636000 0.638000 39913883391377.429688
0.638000 0.640000 38192819712957.570312
0.640000 0.642000 36523074657608.546875
0.642000 0.644000 34949710723639.652344
0.644000 0.646000 33427199045073.507812
0.646000 0.648000 31977780533932.468750
0.648000 0.650000 30589045447239.632812
0.650000 0.652000 29281523650335.902344
0.652000 0.654000 28033448730943.898438
0.654000 0.656000 26819510169948.679688
0.656000 0.658000 25641328591099.953125
0.658000 0.660000 24548706248022.609375
0.660000 0.662000 23498618956548.378906
0.662000 0.664000 22476485526888.671875
0.664000 0.666000 21533077765845.015625
0.666000 0.668000 20589112165643.191406
0.668000 0.670000 19718219598332.460938
0.670000 0.672000 18870426282761.546875
0.672000 0.674000 18066819814277.945312
0.674000 0.676000 17306806197738.791016
0.676000 0.678000 16558837653262.341797
0.678000 0.680000 15870979306492.675781
0.680000 0.682000 15174772702420.023438
0.682000 0.684000 14509455370566.832031
0.684000 0.686000 13896635758591.144531
0.686000 0.688000 13312360299297.255859
0.688000 0.690000 12741646243238.279297
0.690000 0.692000 12217382075514.208984
0.692000 0.694000 11683807636208.718750
0.694000 0.696000 11184649360686.031250
0.696000 0.698000 10705900696246.320312
0.698000 0.700000 10259626349397.734375
0.700000 0.702000 9817488378381.478516
0.702000 0.704000 9396404523057.177734
0.704000 0.706000 9011009864847.699219
0.706000 0.708000 8622624223705.248047
0.708000 0.710000 8253636580544.507812
0.710000 0.712000 7911564586126.834961
0.712000 0.714000 7577262092471.323242
0.714000 0.716000 7260610916725.432617
0.716000 0.718000 6950459243757.011719
0.718000 0.720000 6661071749570.807617
0.720000 0.722000 6378794383150.098633
0.722000 0.724000 6113284605006.081055
0.724000 0.726000 5842923373886.040039
0.726000 0.728000 5604060350089.634766
0.728000 0.730000 5366500997669.812500
0.730000 0.732000 5139567117830.969727
0.732000 0.734000 4927761895782.368164
0.734000 0.736000 4718039843141.891602
0.736000 0.738000 4520273147909.392578
0.738000 0.740000 4333835754989.143555
0.740000 0.742000 4151884151763.200195
0.742000 0.744000 3975952690983.710938
0.744000 0.746000 3812582684512.110352
0.746000 0.748000 3652368569062.193848
0.748000 0.750000 3500181219654.873047
0.750000 0.752000 3349629531273.906738
0.752000 0.754000 3212080980715.408691
0.754000 0.756000 3074798272502.139648
0.756000 0.758000 2949855972794.775391
0.758000 0.760000 2828892226867.611328
0.760000 0.762000 2709759247348.503906
0.762000 0.764000 2598682156527.300781
0.764000 0.766000 2488630807922.473145
0.766000 0.768000 2383955188318.131836
0.768000 0.770000 2287434812003.346191
0.770000 0.772000 2192428008792.903564
0.772000 0.774000 2101342156028.802979
0.774000 0.776000 2014511893790.021729
0.776000 0.778000 1930980773399.797363
0.778000 0.780000 1850035644517.744385
0.780000 0.782000 1774446653798.545410
0.782000 0.784000 1700990196403.731445
0.784000 0.786000 1629356144637.661621
0.786000 0.788000 1564805883126.330566
0.788000 0.790000 1497876063448.662842
0.790000 0.792000 1437477433379.672363
0.792000 0.794000 1377037904799.649902
0.794000 0.796000 1320632667677.175293
0.796000 0.798000 1267484099635.324463
0.798000 0.800000 1213628795010.629883
0.800000 0.802000 1165218338982.837402
0.802000 0.804000 1117222435257.938477
0.804000 0.806000 1071751089918.543701
0.806000 0.808000 1026313802738.249756
0.808000 0.810000 985287647159.383545
0.810000 0.812000 944230036558.966431
0.812000 0.814000 906618255947.369629
0.814000 0.816000 868637744038.630249
0.816000 0.818000 833259533470.450073
0.818000 0.820000 798584817670.018188
0.820000 0.822000 767204766621.498779
0.822000 0.824000 735101526221.388794
0.824000 0.826000 705492076500.463501
0.826000 0.828000 676831584907.290039
0.828000 0.830000 649198558341.613525
0.830000 0.832000 622952845736.194824
0.832000 0.834000 597317894506.785767
0.834000 0.836000 572991122962.549194
0.836000 0.838000 550385972419.023315
0.838000 0.840000 527706217558.399536
0.840000 0.842000 506723273857.365662
0.842000 0.844000 485867115456.337219
0.844000 0.846000 466063751834.623596
0.846000 0.848000 447548268241.723572
0.848000 0.850000 429469442202.798096
0.850000 0.852000 412357063138.793457
0.852000 0.854000 395277106449.696045
0.854000 0.856000 379377348589.408325
0.856000 0.858000 363859334087.564819
0.858000 0.860000 349385491376.117249
0.860000 0.862000 335200501921.798401
0.862000 0.864000 321804155924.260437
0.864000 0.866000 309125517049.236450
0.866000 0.868000 296500658462.223206
0.868000 0.870000 284487445474.900452
0.870000 0.872000 273277695142.377350
0.872000 0.874000 262190038306.970917
0.874000 0.876000 251487467814.703979
0.876000 0.878000 241609177189.824524
0.878000 0.880000 231982370583.823883
0.880000 0.882000 222716773656.131744
0.882000 0.884000 213767601363.073059
0.884000 0.886000 205308351170.251465
0.886000 0.888000 197124308833.830688
0.888000 0.890000 189267954603.724121
0.890000 0.892000 181791586251.782898
0.892000 0.894000 174325823781.060883
0.894000 0.896000 167593191998.304901
0.896000 0.898000 160965871110.277679
0.898000 0.900000 154486339875.022278
0.900000 0.902000 148298954362.744446
0.902000 0.904000 142529457346.587219
0.904000 0.906000 136840570649.880371
0.906000 0.908000 131605934923.249176
0.908000 0.910000 126187538737.145737
0.910000 0.912000 121171826050.822235
0.912000 0.914000 116403756664.738159
0.914000 0.916000 111863637477.740173
0.916000 0.918000 107313592899.161209
0.918000 0.920000 103208860172.668045
0.920000 0.922000 99134273228.433167
0.922000 0.924000 95125031899.142441
0.924000 0.926000 91294875177.632187
0.926000 0.928000 87837788007.295441
0.928000 0.930000 84362760549.310760
0.930000 0.932000 81140981311.257065
0.932000 0.934000 77906293784.870743
0.934000 0.936000 74837148146.583908
0.936000 0.938000 71832872374.533554
0.938000 0.940000 69121114743.783310
0.940000 0.942000 66323582924.640198
0.942000 0.944000 63762054475.172180
0.944000 0.946000 61262604765.803612
0.946000 0.948000 58874827295.005325
0.948000 0.950000 56559678666.114471
0.950000 0.952000 54414555413.398628
0.952000 0.954000 52264993952.522141
0.954000 0.956000 50189906221.664688
0.956000 0.958000 48291551349.073196
0.958000 0.960000 46387699431.221092
0.960000 0.962000 44578708742.443497
0.962000 0.964000 42833155070.690544
0.964000 0.966000 41187485088.399414
0.966000 0.968000 39595422687.896370
0.968000 0.970000 38038672581.858650
0.970000 0.972000 36577332020.135513
0.972000 0.974000 35147340113.070732
0.974000 0.976000 33758883908.778534
0.976000 0.978000 32479195570.192734
0.978000 0.980000 31229300723.545174
0.980000 0.982000 30044817897.258095
0.982000 0.984000 28869544669.301224
0.984000 0.986000 27772006384.123974
0.986000 0.988000 26691767909.093548
0.988000 0.990000 25673108360.140968
0.990000 0.992000 24654066329.043385
0.992000 0.994000 23733798881.370140
0.994000 0.996000 22824004563.432747
0.996000 0.998000 21929719003.593018
0.998000 1.000000 21078965230.950981
