0.000000 0.002000 5194711400654.750000
0.002000 0.004000 4923805272869.140625
0.004000 0.006000 4669867359507.348633
0.006000 0.008000 4424606280451.854492
0.008000 0.010000 4197924082364.200195
0.010000 0.012000 3978718812038.196289
0.012000 0.014000 3772779408746.672852
0.014000 0.016000 3575882203572.157715
0.016000 0.018000 3392750201895.462891
0.018000 0.020000 3213208946676.817871
0.020000 0.022000 3051597205089.145996
0.022000 0.024000 2892809610198.862793
0.024000 0.026000 2744134886776.295898
0.026000 0.028000 2601804077551.418945
0.028000 0.030000 2468417256049.182129
0.030000 0.032000 2340295062504.948242
0.032000 0.034000 2219175240131.422852
0.034000 0.036000 2103785706832.647461
0.036000 0.038000 1996869416038.837402
0.038000 0.040000 1893828197714.366211
0.040000 0.042000 1795030071581.136475
0.042000 0.044000 1703445345023.813232
0.044000 0.046000 1616189219409.718506
0.046000 0.048000 1532075399795.952637
0.048000 0.050000 1454791581021.916016
0.050000 0.052000 1379099390122.285400
0.052000 0.054000 1308434346907.734863
0.054000 0.056000 1243041072338.342041
0.056000 0.058000 1178664253331.924805
0.058000 0.060000 1117018827747.620117
0.060000 0.062000 1061295125291.755615
0.062000 0.064000 1006246653990.470093
0.064000 0.066000 954657162250.510010
0.066000 0.068000 906672440264.032959
0.068000 0.070000 859532962426.828613
0.070000 0.072000 816906910384.333130
0.072000 0.074000 773923935652.792969
0.074000 0.076000 735492236276.194702
0.076000 0.078000 697848193750.956665
0.078000 0.080000 662316746102.265381
0.080000 0.082000 628141658041.922363
0.082000 0.084000 596136044709.518799
0.084000 0.086000 566320106003.326538
0.086000 0.088000 537104876614.838623
0.088000 0.090000 510117745875.626953
0.090000 0.092000 484291637972.960083
0.092000 0.094000 459749405356.687866
0.094000 0.096000 436409236459.638184
0.096000 0.098000 414224989204.283569
0.098000 0.100000 392726501305.295349
0.100000 0.102000 373349776264.807678
0.102000 0.104000 354130255211.695435
0.104000 0.106000 336769276063.568787
0.106000 0.108000 319376488411.126831
0.108000 0.110000 303234939720.860596
0.110000 0.112000 287806649586.063049
0.112000 0.114000 273367134364.993561
0.114000 0.116000 259340317848.910187
0.116000 0.118000 246233544835.281647
0.118000 0.120000 234053135151.031097
0.120000 0.122000 222281364583.294617
0.122000 0.124000 211033419294.931580
0.124000 0.126000 200489527149.784790
0.126000 0.128000 190361406323.232788
0.128000 0.130000 180724399312.686523
0.130000 0.132000 171753048398.634003
0.132000 0.134000 163167048915.875183
0.134000 0.136000 155021562923.557281
0.136000 0.138000 147168280754.133423
0.138000 0.140000 139798757495.959625
0.140000 0.142000 132632363309.586075
0.142000 0.144000 126283882971.273788
0.144000 0.146000 119722751687.835663
0.146000 0.148000 113888327262.448761
0.148000 0.150000 108078980088.191071
0.150000 0.152000 102726783414.588531
0.152000 0.154000 97586672159.108688
0.154000 0.156000 92756575973.984116
0.156000 0.158000 88104504343.106415
0.158000 0.160000 83769108567.387344
0.160000 0.162000 79539057440.307419
0.162000 0.164000 75578389498.450607
0.164000 0.166000 71808114737.293762
0.166000 0.168000 68314122283.656410
0.168000 0.170000 64848960395.262405
0.170000 0.172000 61658482847.084221
0.172000 0.174000 58602681257.713326
0.174000 0.176000 55722483772.924194
0.176000 0.178000 52944798126.606979
0.178000 0.180000 50282842344.184067
0.180000 0.182000 47852615192.351799
0.182000 0.184000 45392893307.613098
0.184000 0.186000 43207083901.915047
0.186000 0.188000 41036100594.870575
0.188000 0.190000 39051007012.468796
0.190000 0.192000 37088105079.236069
0.192000 0.194000 35281490881.523788
0.194000 0.196000 33553938209.280846
0.196000 0.198000 31875679526.287724
0.198000 0.200000 30304835311.313381
0.200000 0.202000 28805998754.356430
0.202000 0.204000 27374554754.596756
0.204000 0.206000 26027545976.146252
0.206000 0.208000 24756762986.005829
0.208000 0.210000 23529966359.375336
0.210000 0.212000 22393057744.692905
0.212000 0.214000 21291920416.567795
0.214000 0.216000 20240671255.819397
0.216000 0.218000 19256340254.745579
0.218000 0.220000 18293506534.084293
0.220000 0.222000 17396546854.184738
0.222000 0.224000 16548998895.783926
0.224000 0.226000 15747299324.248114
0.226000 0.228000 14975678362.153564
0.228000 0.230000 14239027735.627283
0.230000 0.232000 13564342720.032410
0.232000 0.234000 12887945417.561474
0.234000 0.236000 12260598632.502129
0.236000 0.238000 11658564757.071787
0.238000 0.240000 11083027195.431820
0.240000 0.242000 10550508405.446852
0.242000 0.244000 10042485163.888176
0.244000 0.246000 9553767066.218048
0.246000 0.248000 9079114244.959915
0.248000 0.250000 8645418313.346647
0.250000 0.252000 8220148006.863520
0.252000 0.254000 7826862412.278445
0.254000 0.256000 7442472543.805554
0.256000 0.258000 7080186471.169773
0.258000 0.260000 6738867446.060796
0.260000 0.262000 6404695708.820910
0.262000 0.264000 6108151493.666837
0.264000 0.266000 5801256925.841484
0.266000 0.268000 5523984779.909070
0.268000 0.270000 5253180086.262898
0.270000 0.272000 5005571045.424352
0.272000 0.274000 4762988831.472549
0.274000 0.276000 4531094083.961558
0.276000 0.278000 4316007202.811354
0.278000 0.280000 4107590327.465133
0.280000 0.282000 3909570723.798490
0.282000 0.284000 3721286038.066517
0.284000 0.286000 3543052219.215177
0.286000 0.288000 3369755062.598832
0.288000 0.290000 3208277584.307383
0.290000 0.292000 3055472324.671297
0.292000 0.294000 2907409684.265858
0.294000 0.296000 2769367827.943038
0.296000 0.298000 2635511154.534762
0.298000 0.300000 2510382046.777277
0.300000 0.302000 2387991547.118845
0.302000 0.304000 2275681952.387720
0.304000 0.306000 2166283064.999575
0.306000 0.308000 2062345072.292402
0.308000 0.310000 1961811008.628218
0.310000 0.312000 1870716580.111994
0.312000 0.314000 1780377640.237037
0.314000 0.316000 1696743946.836293
0.316000 0.318000 1616988903.771278
0.318000 0.320000 1538091612.055437
0.320000 0.322000 1464453124.025950
0.322000 0.324000 1394472007.352734
0.324000 0.326000 1327338839.695435
0.326000 0.328000 1265188485.975081
0.328000 0.330000 1206093188.263939
0.330000 0.332000 1148560890.121859
0.332000 0.334000 1092971419.336389
0.334000 0.336000 1041632876.535651
0.336000 0.338000 991950538.991416
0.338000 0.340000 946023998.240358
0.340000 0.342000 901326970.060337
0.342000 0.344000 858569972.327650
0.344000 0.346000 817909072.674199
0.346000 0.348000 778477857.365229
0.348000 0.350000 742262920.994592
0.350000 0.352000 707363630.938969
0.352000 0.354000 674280324.876843
0.354000 0.356000 641911641.897588
0.356000 0.358000 611289023.593862
0.358000 0.360000 582619943.389480
0.360000 0.362000 554491569.413777
0.362000 0.364000 529274299.096008
0.364000 0.366000 504579917.761700
0.366000 0.368000 480016800.067018
0.368000 0.370000 457802038.183981
0.370000 0.372000 436749064.675306
0.372000 0.374000 415738987.856695
0.374000 0.376000 396501416.038860
0.376000 0.378000 377961875.877635
0.378000 0.380000 360062638.128090
0.380000 0.382000 343142252.614387
0.382000 0.384000 327381717.253770
0.384000 0.386000 312387328.447166
0.386000 0.388000 297591519.805110
0.388000 0.390000 283631158.336747
0.390000 0.392000 270533444.462134
0.392000 0.394000 257567559.953596
0.394000 0.396000 245880265.700597
0.396000 0.398000 234263613.952915
0.398000 0.400000 223453807.009034
0.400000 0.402000 212957139.932485
0.402000 0.404000 203006591.943950
0.404000 0.406000 193501336.427924
0.406000 0.408000 184380909.392716
0.408000 0.410000 175947582.306663
0.410000 0.412000 167969210.771499
0.412000 0.414000 160047017.719225
0.414000 0.416000 152689996.685559
0.416000 0.418000 145496439.950839
0.418000 0.420000 138799094.603285
0.420000 0.422000 132362775.527737
0.422000 0.424000 126308747.529790
0.424000 0.426000 120524260.796317
0.426000 0.428000 114821392.635317
0.428000 0.430000 109512746.484484
0.430000 0.432000 104419422.576482
0.432000 0.434000 99717152.239107
0.434000 0.436000 95070617.107421
0.436000 0.438000 90794933.702296
0.438000 0.440000 86677526.141609
0.440000 0.442000 82529466.423364
0.442000 0.444000 78693349.540560
0.444000 0.446000 75100281.541562
0.446000 0.448000 71693242.879672
0.448000 0.450000 68404438.477201
0.450000 0.452000 65256273.470410
0.452000 0.454000 62303023.904222
0.454000 0.456000 59406853.737621
0.456000 0.458000 56721900.516509
0.458000 0.460000 54128918.819569
0.460000 0.462000 51614099.455162
0.462000 0.464000 49313120.208462
0.464000 0.466000 47050309.587189
0.466000 0.468000 44864310.078564
0.468000 0.470000 42861928.223354
0.470000 0.472000 40881736.956389
0.472000 0.474000 39041258.201418
0.474000 0.476000 37236858.579901
0.476000 0.478000 35576878.068514
0.478000 0.480000 33914157.917655
0.480000 0.482000 32401553.526777
0.482000 0.484000 30946582.154706
0.484000 0.486000 29533940.679888
0.486000 0.488000 28231829.588510
0.488000 0.490000 26896339.786590
0.490000 0.492000 25676733.117440
0.492000 0.494000 24509403.523670
0.494000 0.496000 23395227.383450
0.496000 0.498000 22333160.223539
0.498000 0.500000 21328453.482184
0.500000 0.502000 20364286.374504
0.502000 0.504000 19437051.608992
0.504000 0.506000 18593089.173334
0.506000 0.508000 17728283.515996
0.508000 0.510000 16946441.461931
0.510000 0.512000 16186684.967113
0.512000 0.514000 15451742.375290
0.514000 0.516000 14756048.326937
0.516000 0.518000 14088879.927170
0.518000 0.520000 13443386.872185
0.520000 0.522000 12859058.871547
0.522000 0.524000 12285838.998657
0.524000 0.526000 11719937.736263
0.526000 0.528000 11193249.042202
0.528000 0.530000 10704987.290624
0.530000 0.532000 10214926.935020
0.532000 0.534000 9759425.807874
0.534000 0.536000 9327141.679480
0.536000 0.538000 8914882.435797
0.538000 0.540000 8516135.266416
0.540000 0.542000 8136590.327313
0.542000 0.544000 7778261.526972
0.544000 0.546000 7421256.772662
0.546000 0.548000 7092292.067007
0.548000 0.550000 6779460.086950
0.550000 0.552000 6478420.621368
0.552000 0.554000 6185668.261404
0.554000 0.556000 5921695.772586
0.556000 0.558000 5655967.493772
0.558000 0.560000 5400382.668632
0.560000 0.562000 5155049.472229
0.562000 0.564000 4926939.185805
0.564000 0.566000 4715062.863000
0.566000 0.568000 4505850.532742
0.568000 0.570000 4307384.470523
0.570000 0.572000 4113512.072182
0.572000 0.574000 3937580.599706
0.574000 0.576000 3758532.562936
0.576000 0.578000 3594117.531813
0.578000 0.580000 3433692.858111
0.580000 0.582000 3284324.915880
0.582000 0.584000 3138207.472156
0.584000 0.586000 3000383.810769
0.586000 0.588000 2871109.250077
0.588000 0.590000 2744137.103808
0.590000 0.592000 2624219.794162
0.592000 0.594000 2510316.933927
0.594000 0.596000 2396484.985118
0.596000 0.598000 2292591.325977
0.598000 0.600000 2191290.870289
0.600000 0.602000 2094490.905766
0.602000 0.604000 2003988.319315
0.604000 0.606000 1918240.802398
0.606000 0.608000 1833493.324857
0.608000 0.610000 1751412.223313
0.610000 0.612000 1675805.664892
0.612000 0.614000 1602645.847037
0.614000 0.616000 1531998.844181
0.616000 0.618000 1466660.943850
0.618000 0.620000 1402539.336123
0.620000 0.622000 1340055.131021
0.622000 0.624000 1282595.533799
0.624000 0.626000 1226960.561779
0.626000 0.628000 1173445.520022
0.628000 0.630000 1122454.261966
0.630000 0.632000 1072908.887682
0.632000 0.634000 1027260.573862
0.634000 0.636000 982137.418771
0.636000 0.638000 939682.264546
0.638000 0.640000 900596.289606
0.640000 0.642000 861149.931161
0.642000 0.644000 823506.612468
0.644000 0.646000 787607.648696
0.646000 0.648000 753523.066815
0.648000 0.650000 720857.638562
0.650000 0.652000 689966.023670
0.652000 0.654000 659651.364018
0.654000 0.656000 632238.671706
0.656000 0.658000 604190.241922
0.658000 0.660000 578392.538719
0.660000 0.662000 553376.298410
0.662000 0.664000 529406.459387
0.664000 0.666000 507138.664266
0.666000 0.668000 485310.751244
0.668000 0.670000 464580.934176
0.670000 0.672000 444660.017400
0.672000 0.674000 425498.146858
0.674000 0.676000 407885.605530
0.676000 0.678000 390117.486651
0.678000 0.680000 373651.539761
0.680000 0.682000 357460.279089
0.682000 0.684000 341864.061354
0.684000 0.686000 327467.602394
0.686000 0.688000 313573.724982
0.688000 0.690000 300343.641904
0.690000 0.692000 287453.657052
0.692000 0.694000 275276.782784
0.694000 0.696000 263717.625911
0.696000 0.698000 252549.347445
0.698000 0.700000 241936.346122
0.700000 0.702000 231314.968867
0.702000 0.704000 221419.228537
0.704000 0.706000 212281.849377
0.706000 0.708000 203200.498065
0.708000 0.710000 194507.723419
0.710000 0.712000 186441.881731
0.712000 0.714000 178344.437946
0.714000 0.716000 171055.769533
0.716000 0.718000 163783.529370
0.718000 0.720000 156941.093907
0.720000 0.722000 150470.679990
0.722000 0.724000 143889.380140
0.724000 0.726000 137674.516393
0.726000 0.728000 132055.441159
0.728000 0.730000 126422.453130
0.730000 0.732000 121131.187913
0.732000 0.734000 116239.739629
0.734000 0.736000 111215.210333
0.736000 0.738000 106509.138110
0.738000 0.740000 102144.395162
0.740000 0.742000 97862.274667
0.742000 0.744000 93692.450666
0.744000 0.746000 89718.298312
0.746000 0.748000 86090.520905
0.748000 0.750000 82418.288463
0.750000 0.752000 79006.567312
0.752000 0.754000 75606.668419
0.754000 0.756000 72471.943383
0.756000 0.758000 69495.588392
0.758000 0.760000 66624.452917
0.760000 0.762000 63827.278299
0.762000 0.764000 61200.249050
0.764000 0.766000 58622.177727
0.766000 0.768000 56138.939742
0.768000 0.770000 53864.339019
0.770000 0.772000 51681.669815
0.772000 0.774000 49470.115470
0.774000 0.776000 47431.738214
0.776000 0.778000 45480.934592
0.778000 0.780000 43576.147428
0.780000 0.782000 41772.566288
0.782000 0.784000 40074.986138
0.784000 0.786000 38418.371921
0.786000 0.788000 36820.448297
0.788000 0.790000 35287.440411
0.790000 0.792000 33856.766796
0.792000 0.794000 32447.616762
0.794000 0.796000 31121.888707
0.796000 0.798000 29856.634471
0.798000 0.800000 28608.874551
0.800000 0.802000 27432.015697
0.802000 0.804000 26333.243272
0.804000 0.806000 25259.149361
0.806000 0.808000 24181.625175
0.808000 0.810000 23208.209093
0.810000 0.812000 22260.311823
0.812000 0.814000 21351.521010
0.814000 0.816000 20480.067153
0.816000 0.818000 19652.607445
0.818000 0.820000 18842.967845
0.820000 0.822000 18079.466004
0.822000 0.824000 17331.040393
0.824000 0.826000 16629.737671
0.826000 0.828000 15944.121793
0.828000 0.830000 15292.271394
0.830000 0.832000 14692.744629
0.832000 0.834000 14080.286316
0.834000 0.836000 13523.254627
0.836000 0.838000 12954.807284
0.838000 0.840000 12429.184732
0.840000 0.842000 11929.457615
0.842000 0.844000 11451.059578
0.844000 0.846000 10986.896556
0.846000 0.848000 10545.257331
0.848000 0.850000 10116.165106
0.850000 0.852000 9709.654612
0.852000 0.854000 9318.359463
0.854000 0.856000 8946.089977
0.856000 0.858000 8579.136781
0.858000 0.860000 8235.174211
0.860000 0.862000 7898.156791
0.862000 0.864000 7587.349656
0.864000 0.866000 7282.207500
0.866000 0.868000 6987.841731
0.868000 0.870000 6702.024584
0.870000 0.872000 6437.636557
0.872000 0.874000 6183.779918
0.874000 0.876000 5929.920667
0.876000 0.878000 5694.344331
0.878000 0.880000 5471.154346
0.880000 0.882000 5249.006705
0.882000 0.884000 5037.205887
0.884000 0.886000 4840.568334
0.886000 0.888000 4644.111079
0.888000 0.890000 4458.568889
0.890000 0.892000 4284.412789
0.892000 0.894000 4104.013091
0.894000 0.896000 3949.267822
0.896000 0.898000 3791.911834
0.898000 0.900000 3641.258467
0.900000 0.902000 3491.141514
0.902000 0.904000 3357.417328
0.904000 0.906000 3223.334903
0.906000 0.908000 3101.270350
0.908000 0.910000 2973.786857
0.910000 0.912000 2854.475633
0.912000 0.914000 2742.273327
0.914000 0.916000 2633.110055
0.916000 0.918000 2526.146567
0.918000 0.920000 2431.886722
0.920000 0.922000 2336.897440
0.922000 0.924000 2240.653066
0.924000 0.926000 2154.962561
0.926000 0.928000 2069.176319
0.928000 0.930000 1988.234998
0.930000 0.932000 1910.614699
0.932000 0.934000 1835.599410
0.934000 0.936000 1763.661770
0.936000 0.938000 1693.090717
0.938000 0.940000 1628.562802
0.940000 0.942000 1562.400244
0.942000 0.944000 1502.941857
0.944000 0.946000 1442.928262
0.946000 0.948000 1387.657091
0.948000 0.950000 1333.040691
0.950000 0.952000 1281.981884
0.952000 0.954000 1231.706961
0.954000 0.956000 1182.000079
0.956000 0.958000 1137.343560
0.958000 0.960000 1092.493035
0.960000 0.962000 1050.046212
0.962000 0.964000 1009.172740
0.964000 0.966000 971.025974
0.966000 0.968000 933.654425
0.968000 0.970000 896.131242
0.970000 0.972000 861.811114
0.972000 0.974000 827.648355
0.974000 0.976000 795.265776
0.976000 0.978000 765.599971
0.978000 0.980000 735.895547
0.980000 0.982000 707.711996
0.982000 0.984000 680.247827
0.984000 0.986000 654.279777
0.986000 0.988000 628.877376
0.988000 0.990000 604.715058
0.990000 0.992000 581.512309
0.992000 0.994000 559.315222
0.994000 0.996000 537.693710
0.996000 0.998000 517.030434
0.998000 1.000000 496.793127
