0.000000 0.002000 86311.586289
0.002000 0.004000 98553.039097
0.004000 0.006000 107446.667575
0.006000 0.008000 113412.278906
0.008000 0.010000 117188.551734
0.010000 0.012000 118960.133788
0.012000 0.014000 119207.762043
0.014000 0.016000 118148.052596
0.016000 0.018000 116059.447776
0.018000 0.020000 113166.597088
0.020000 0.022000 109738.458188
0.022000 0.024000 105865.891408
0.024000 0.026000 101632.130261
0.026000 0.028000 97297.107034
0.028000 0.030000 92805.535862
0.030000 0.032000 88152.663326
0.032000 0.034000 83388.511867
0.034000 0.036000 78926.998866
0.036000 0.038000 74416.776277
0.038000 0.040000 70041.118997
0.040000 0.042000 65749.880354
0.042000 0.044000 61689.720765
0.044000 0.046000 57759.025306
0.046000 0.048000 54008.517179
0.048000 0.050000 50453.515270
0.050000 0.052000 47079.991138
0.052000 0.054000 43850.955824
0.054000 0.056000 40854.711387
0.056000 0.058000 37988.539800
0.058000 0.060000 35277.012892
0.060000 0.062000 32744.253921
0.062000 0.064000 30387.377779
0.064000 0.066000 28174.345990
0.066000 0.068000 26081.239954
0.068000 0.070000 24144.674790
0.070000 0.072000 22360.430816
0.072000 0.074000 20691.594612
0.074000 0.076000 19102.654170
0.076000 0.078000 17648.549783
0.078000 0.080000 16286.198910
0.080000 0.082000 15037.994419
0.082000 0.084000 13865.741642
0.084000 0.086000 12800.751832
0.086000 0.088000 11793.920411
0.088000 0.090000 10876.195170
0.090000 0.092000 10015.948403
0.092000 0.094000 9226.088188
0.094000 0.096000 8489.468527
0.096000 0.098000 7821.866361
0.098000 0.100000 7197.177534
0.100000 0.102000 6615.306930
0.102000 0.104000 6088.302644
0.104000 0.106000 5600.863151
0.106000 0.108000 5145.137490
0.108000 0.110000 4733.626374
0.110000 0.112000 4344.871159
0.112000 0.114000 3996.852542
0.114000 0.116000 3671.036187
0.116000 0.118000 3374.161605
0.118000 0.120000 3096.705380
0.120000 0.122000 2842.796420
0.122000 0.124000 2610.312750
0.124000 0.126000 2394.559973
0.126000 0.128000 2201.332301
0.128000 0.130000 2019.839475
0.130000 0.132000 1852.115052
0.132000 0.134000 1701.937727
0.134000 0.136000 1561.124479
0.136000 0.138000 1432.516498
0.138000 0.140000 1314.626299
0.140000 0.142000 1205.034641
0.142000 0.144000 1106.274068
0.144000 0.146000 1013.186116
0.146000 0.148000 929.946931
0.148000 0.150000 853.613515
0.150000 0.152000 782.257622
0.152000 0.154000 717.577819
0.154000 0.156000 657.883888
0.156000 0.158000 603.448464
0.158000 0.160000 553.566313
0.160000 0.162000 507.429683
0.162000 0.164000 464.867274
0.164000 0.166000 426.073716
0.166000 0.168000 391.190674
0.168000 0.170000 358.299062
0.170000 0.172000 328.764265
0.172000 0.174000 301.126731
0.174000 0.176000 276.205718
0.176000 0.178000 253.228525
0.178000 0.180000 232.086372
0.180000 0.182000 212.631962
0.182000 0.184000 194.974649
0.184000 0.186000 178.858288
0.186000 0.188000 164.010214
0.188000 0.190000 150.503607
0.190000 0.192000 137.636185
0.192000 0.194000 126.341967
0.194000 0.196000 115.792907
0.196000 0.198000 106.135197
0.198000 0.200000 97.368706
0.200000 0.202000 89.248825
0.202000 0.204000 81.874413
0.204000 0.206000 74.980366
0.206000 0.208000 68.852437
0.208000 0.210000 63.114340
0.210000 0.212000 57.875091
0.212000 0.214000 53.083103
0.214000 0.216000 48.643105
0.216000 0.218000 44.563687
0.218000 0.220000 40.860524
0.220000 0.222000 37.472545
0.222000 0.224000 34.374203
0.224000 0.226000 31.550925
0.226000 0.228000 28.937976
0.228000 0.230000 26.559370
0.230000 0.232000 24.359933
0.232000 0.234000 22.359320
0.234000 0.236000 20.493694
0.236000 0.238000 18.798064
0.238000 0.240000 17.237222
0.240000 0.242000 15.821174
0.242000 0.244000 14.517605
0.244000 0.246000 13.327060
0.246000 0.248000 12.237195
0.248000 0.250000 11.208771
0.250000 0.252000 10.293058
0.252000 0.254000 9.452193
0.254000 0.256000 8.672244
0.256000 0.258000 7.961266
0.258000 0.260000 7.300016
0.260000 0.262000 6.708357
0.262000 0.264000 6.156335
0.264000 0.266000 5.647433
0.266000 0.268000 5.189561
0.268000 0.270000 4.766606
0.270000 0.272000 4.373291
0.272000 0.274000 4.016869
0.274000 0.276000 3.686758
0.276000 0.278000 3.389453
0.278000 0.280000 3.110981
0.280000 0.282000 2.856590
0.282000 0.284000 2.622009
0.284000 0.286000 2.413011
0.286000 0.288000 2.214523
0.288000 0.290000 2.036929
0.290000 0.292000 1.870304
0.292000 0.294000 1.719846
0.294000 0.296000 1.579119
0.296000 0.298000 1.452196
0.298000 0.300000 1.334249
0.300000 0.302000 1.224577
0.302000 0.304000 1.127634
0.304000 0.306000 1.034480
0.306000 0.308000 0.952107
0.308000 0.310000 0.875046
0.310000 0.312000 0.804753
0.312000 0.314000 0.739573
0.314000 0.316000 0.681032
0.316000 0.318000 0.626507
0.318000 0.320000 0.575671
0.320000 0.322000 0.529246
0.322000 0.324000 0.487263
0.324000 0.326000 0.447887
0.326000 0.328000 0.412528
0.328000 0.330000 0.379062
0.330000 0.332000 0.349018
0.332000 0.334000 0.321295
0.334000 0.336000 0.295702
0.336000 0.338000 0.272043
0.338000 0.340000 0.250229
0.340000 0.342000 0.230463
0.342000 0.344000 0.212060
0.344000 0.346000 0.195383
0.346000 0.348000 0.179751
0.348000 0.350000 0.165557
0.350000 0.352000 0.152618
0.352000 0.354000 0.140444
0.354000 0.356000 0.129306
0.356000 0.358000 0.119071
0.358000 0.360000 0.109614
0.360000 0.362000 0.101017
0.362000 0.364000 0.093209
0.364000 0.366000 0.085844
0.366000 0.368000 0.079092
0.368000 0.370000 0.072881
0.370000 0.372000 0.067140
0.372000 0.374000 0.061910
0.374000 0.376000 0.057081
0.376000 0.378000 0.052633
0.378000 0.380000 0.048476
0.380000 0.382000 0.044761
0.382000 0.384000 0.041249
0.384000 0.386000 0.038039
0.386000 0.388000 0.035099
0.388000 0.390000 0.032340
0.390000 0.392000 0.029849
0.392000 0.394000 0.027549
0.394000 0.396000 0.025421
0.396000 0.398000 0.023428
0.398000 0.400000 0.021615
0.400000 0.402000 0.019952
0.402000 0.404000 0.018425
0.404000 0.406000 0.017002
0.406000 0.408000 0.015669
0.408000 0.410000 0.014490
0.410000 0.412000 0.013369
0.412000 0.414000 0.012350
0.414000 0.416000 0.011402
0.416000 0.418000 0.010513
0.418000 0.420000 0.009722
0.420000 0.422000 0.008984
0.422000 0.424000 0.008289
0.424000 0.426000 0.007666
0.426000 0.428000 0.007075
0.428000 0.430000 0.006543
0.430000 0.432000 0.006042
0.432000 0.434000 0.005592
0.434000 0.436000 0.005165
0.436000 0.438000 0.004774
0.438000 0.440000 0.004416
0.440000 0.442000 0.004081
0.442000 0.444000 0.003772
0.444000 0.446000 0.003486
0.446000 0.448000 0.003223
0.448000 0.450000 0.002984
0.450000 0.452000 0.002761
0.452000 0.454000 0.002553
0.454000 0.456000 0.002362
0.456000 0.458000 0.002185
0.458000 0.460000 0.002019
0.460000 0.462000 0.001872
0.462000 0.464000 0.001732
0.464000 0.466000 0.001601
0.466000 0.468000 0.001482
0.468000 0.470000 0.001373
0.470000 0.472000 0.001271
0.472000 0.474000 0.001177
0.474000 0.476000 0.001089
0.476000 0.478000 0.001009
0.478000 0.480000 0.000934
0.480000 0.482000 0.000865
0.482000 0.484000 0.000802
0.484000 0.486000 0.000743
0.486000 0.488000 0.000689
0.488000 0.490000 0.000638
0.490000 0.492000 0.000590
0.492000 0.494000 0.000547
0.494000 0.496000 0.000507
0.496000 0.498000 0.000470
0.498000 0.500000 0.000436
0.500000 0.502000 0.000405
0.502000 0.504000 0.000375
0.504000 0.506000 0.000348
0.506000 0.508000 0.000322
0.508000 0.510000 0.000299
0.510000 0.512000 0.000277
0.512000 0.514000 0.000257
0.514000 0.516000 0.000239
0.516000 0.518000 0.000221
0.518000 0.520000 0.000205
0.520000 0.522000 0.000191
0.522000 0.524000 0.000177
0.524000 0.526000 0.000164
0.526000 0.528000 0.000152
0.528000 0.530000 0.000142
0.530000 0.532000 0.000131
0.532000 0.534000 0.000122
0.534000 0.536000 0.000113
0.536000 0.538000 0.000105
0.538000 0.540000 0.000098
0.540000 0.542000 0.000091
0.542000 0.544000 0.000084
0.544000 0.546000 0.000078
0.546000 0.548000 0.000073
0.548000 0.550000 0.000068
0.550000 0.552000 0.000063
0.552000 0.554000 0.000058
0.554000 0.556000 0.000054
0.556000 0.558000 0.000050
0.558000 0.560000 0.000047
0.560000 0.562000 0.000044
0.562000 0.564000 0.000041
0.564000 0.566000 0.000038
0.566000 0.568000 0.000035
0.568000 0.570000 0.000033
0.570000 0.572000 0.000030
0.572000 0.574000 0.000028
0.574000 0.576000 0.000026
0.576000 0.578000 0.000024
0.578000 0.580000 0.000023
0.580000 0.582000 0.000021
0.582000 0.584000 0.000020
0.584000 0.586000 0.000018
0.586000 0.588000 0.000017
0.588000 0.590000 0.000016
0.590000 0.592000 0.000015
0.592000 0.594000 0.000014
0.594000 0.596000 0.000013
0.596000 0.598000 0.000012
0.598000 0.600000 0.000011
0.600000 0.602000 0.000010
0.602000 0.604000 0.000010
0.604000 0.606000 0.000009
0.606000 0.608000 0.000008
0.608000 0.610000 0.000008
0.610000 0.612000 0.000007
0.612000 0.614000 0.000007
0.614000 0.616000 0.000006
0.616000 0.618000 0.000006
0.618000 0.620000 0.000006
0.620000 0.622000 0.000005
0.622000 0.624000 0.000005
0.624000 0.626000 0.000004
0.626000 0.628000 0.000004
0.628000 0.630000 0.000004
0.630000 0.632000 0.000004
0.632000 0.634000 0.000003
0.634000 0.636000 0.000003
0.636000 0.638000 0.000003
0.638000 0.640000 0.000003
0.640000 0.642000 0.000003
0.642000 0.644000 0.000002
0.644000 0.646000 0.000002
0.646000 0.648000 0.000002
0.648000 0.650000 0.000002
0.650000 0.652000 0.000002
0.652000 0.654000 0.000002
0.654000 0.656000 0.000002
0.656000 0.658000 0.000001
0.658000 0.660000 0.000001
0.660000 0.662000 0.000001
0.662000 0.664000 0.000001
0.664000 0.666000 0.000001
0.666000 0.668000 0.000001
0.668000 0.670000 0.000001
0.670000 0.672000 0.000001
0.672000 0.674000 0.000001
0.674000 0.676000 0.000001
0.676000 0.678000 0.000001
0.678000 0.680000 0.000001
0.680000 0.682000 0.000001
0.682000 0.684000 0.000001
0.684000 0.686000 0.000001
0.686000 0.688000 0.000001
0.688000 0.690000 0.000001
0.690000 0.692000 0.000000
0.692000 0.694000 0.000000
0.694000 0.696000 0.000000
0.696000 0.698000 0.000000
0.698000 0.700000 0.000000
0.700000 0.702000 0.000000
0.702000 0.704000 0.000000
0.704000 0.706000 0.000000
0.706000 0.708000 0.000000
0.708000 0.710000 0.000000
0.710000 0.712000 0.000000
0.712000 0.714000 0.000000
0.714000 0.716000 0.000000
0.716000 0.718000 0.000000
0.718000 0.720000 0.000000
0.720000 0.722000 0.000000
0.722000 0.724000 0.000000
0.724000 0.726000 0.000000
0.726000 0.728000 0.000000
0.728000 0.730000 0.000000
0.730000 0.732000 0.000000
0.732000 0.734000 0.000000
0.734000 0.736000 0.000000
0.736000 0.738000 0.000000
0.738000 0.740000 0.000000
0.740000 0.742000 0.000000
0.742000 0.744000 0.000000
0.744000 0.746000 0.000000
0.746000 0.748000 0.000000
0.748000 0.750000 0.000000
0.750000 0.752000 0.000000
0.752000 0.754000 0.000000
0.754000 0.756000 0.000000
0.756000 0.758000 0.000000
0.758000 0.760000 0.000000
0.760000 0.762000 0.000000
0.762000 0.764000 0.000000
0.764000 0.766000 0.000000
0.766000 0.768000 0.000000
0.768000 0.770000 0.000000
0.770000 0.772000 0.000000
0.772000 0.774000 0.000000
0.774000 0.776000 0.000000
0.776000 0.778000 0.000000
0.778000 0.780000 0.000000
0.780000 0.782000 0.000000
0.782000 0.784000 0.000000
0.784000 0.786000 0.000000
0.786000 0.788000 0.000000
0.788000 0.790000 0.000000
0.790000 0.792000 0.000000
0.792000 0.794000 0.000000
0.794000 0.796000 0.000000
0.796000 0.798000 0.000000
0.798000 0.800000 0.000000
0.800000 0.802000 0.000000
0.802000 0.804000 0.000000
0.804000 0.806000 0.000000
0.806000 0.808000 0.000000
0.808000 0.810000 0.000000
0.810000 0.812000 0.000000
0.812000 0.814000 0.000000
0.814000 0.816000 0.000000
0.816000 0.818000 0.000000
0.818000 0.820000 0.000000
0.820000 0.822000 0.000000
0.822000 0.824000 0.000000
0.824000 0.826000 0.000000
0.826000 0.828000 0.000000
0.828000 0.830000 0.000000
0.830000 0.832000 0.000000
0.832000 0.834000 0.000000
0.834000 0.836000 0.000000
0.836000 0.838000 0.000000
0.838000 0.840000 0.000000
0.840000 0.842000 0.000000
0.842000 0.844000 0.000000
0.844000 0.846000 0.000000
0.846000 0.848000 0.000000
0.848000 0.850000 0.000000
0.850000 0.852000 0.000000
0.852000 0.854000 0.000000
0.854000 0.856000 0.000000
0.856000 0.858000 0.000000
0.858000 0.860000 0.000000
0.860000 0.862000 0.000000
0.862000 0.864000 0.000000
0.864000 0.866000 0.000000
0.866000 0.868000 0.000000
0.868000 0.870000 0.000000
0.870000 0.872000 0.000000
0.872000 0.874000 0.000000
0.874000 0.876000 0.000000
0.876000 0.878000 0.000000
0.878000 0.880000 0.000000
0.880000 0.882000 0.000000
0.882000 0.884000 0.000000
0.884000 0.886000 0.000000
0.886000 0.888000 0.000000
0.888000 0.890000 0.000000
0.890000 0.892000 0.000000
0.892000 0.894000 0.000000
0.894000 0.896000 0.000000
0.896000 0.898000 0.000000
0.898000 0.900000 0.000000
0.900000 0.902000 0.000000
0.902000 0.904000 0.000000
0.904000 0.906000 0.000000
0.906000 0.908000 0.000000
0.908000 0.910000 0.000000
0.910000 0.912000 0.000000
0.912000 0.914000 0.000000
0.914000 0.916000 0.000000
0.916000 0.918000 0.000000
0.918000 0.920000 0.000000
0.920000 0.922000 0.000000
0.922000 0.924000 0.000000
0.924000 0.926000 0.000000
0.926000 0.928000 0.000000
0.928000 0.930000 0.000000
0.930000 0.932000 0.000000
0.932000 0.934000 0.000000
0.934000 0.936000 0.000000
0.936000 0.938000 0.000000
0.938000 0.940000 0.000000
0.940000 0.942000 0.000000
0.942000 0.944000 0.000000
0.944000 0.946000 0.000000
0.946000 0.948000 0.000000
0.948000 0.950000 0.000000
0.950000 0.952000 0.000000
0.952000 0.954000 0.000000
0.954000 0.956000 0.000000
0.956000 0.958000 0.000000
0.958000 0.960000 0.000000
0.960000 0.962000 0.000000
0.962000 0.964000 0.000000
0.964000 0.966000 0.000000
0.966000 0.968000 0.000000
0.968000 0.970000 0.000000
0.970000 0.972000 0.000000
0.972000 0.974000 0.000000
0.974000 0.976000 0.000000
0.976000 0.978000 0.000000
0.978000 0.980000 0.000000
0.980000 0.982000 0.000000
0.982000 0.984000 0.000000
0.984000 0.986000 0.000000
0.986000 0.988000 0.000000
0.988000 0.990000 0.000000
0.990000 0.992000 0.000000
0.992000 0.994000 0.000000
0.994000 0.996000 0.000000
0.996000 0.998000 0.000000
0.998000 1.000000 0.000000
