0.000000 0.002000 337182.411011
0.002000 0.004000 319672.884802
0.004000 0.006000 303326.690185
0.006000 0.008000 287592.939305
0.008000 0.010000 273068.960114
0.010000 0.012000 259183.825601
0.012000 0.014000 246054.145714
0.014000 0.016000 233719.575402
0.016000 0.018000 221906.489609
0.018000 0.020000 210689.585217
0.020000 0.022000 200332.292726
0.022000 0.024000 190478.249257
0.024000 0.026000 181162.466172
0.026000 0.028000 172253.214940
0.028000 0.030000 163915.541631
0.030000 0.032000 156146.712500
0.032000 0.034000 148452.681279
0.034000 0.036000 141395.918165
0.036000 0.038000 134554.913012
0.038000 0.040000 128316.830899
0.040000 0.042000 122203.194564
0.042000 0.044000 116428.453669
0.044000 0.046000 110989.036959
0.046000 0.048000 105795.999282
0.048000 0.050000 100945.584250
0.050000 0.052000 96324.116648
0.052000 0.054000 91872.755126
0.054000 0.056000 87833.867516
0.056000 0.058000 83904.505514
0.058000 0.060000 79945.575609
0.060000 0.062000 76442.422119
0.062000 0.064000 73045.782270
0.064000 0.066000 69741.109856
0.066000 0.068000 66671.364048
0.068000 0.070000 63756.198163
0.070000 0.072000 61056.907530
0.072000 0.074000 58351.562515
0.074000 0.076000 55882.061650
0.076000 0.078000 53480.824156
0.078000 0.080000 51170.215459
0.080000 0.082000 49019.679680
0.082000 0.084000 46912.316277
0.084000 0.086000 44980.296538
0.086000 0.088000 43108.636428
0.088000 0.090000 41351.095242
0.090000 0.092000 39618.051479
0.092000 0.094000 37994.072909
0.094000 0.096000 36456.166373
0.096000 0.098000 34991.346613
0.098000 0.100000 33541.837098
0.100000 0.102000 32211.561301
0.102000 0.104000 30965.405107
0.104000 0.106000 29760.704663
0.106000 0.108000 28539.407417
0.108000 0.110000 27433.812204
0.110000 0.112000 26340.831647
0.112000 0.114000 25358.934570
0.114000 0.116000 24385.159893
0.116000 0.118000 23449.928724
0.118000 0.120000 22532.136813
0.120000 0.122000 21708.429705
0.122000 0.124000 20898.170375
0.124000 0.126000 20116.937055
0.126000 0.128000 19382.271771
0.128000 0.130000 18658.669222
0.130000 0.132000 17975.212137
0.132000 0.134000 17349.177362
0.134000 0.136000 16707.139579
0.136000 0.138000 16113.787279
0.138000 0.140000 15528.245581
0.140000 0.142000 14978.218279
0.142000 0.144000 14461.177568
0.144000 0.146000 13948.594714
0.146000 0.148000 13463.783588
0.148000 0.150000 13005.488775
0.150000 0.152000 12562.207750
0.152000 0.154000 12133.363607
0.154000 0.156000 11723.805934
0.156000 0.158000 11345.276803
0.158000 0.160000 10953.666395
0.160000 0.162000 10590.512405
0.162000 0.164000 10234.948436
0.164000 0.166000 9911.638248
0.166000 0.168000 9598.271020
0.168000 0.170000 9279.871935
0.170000 0.172000 8979.558278
0.172000 0.174000 8703.481358
0.174000 0.176000 8427.888212
0.176000 0.178000 8165.688627
0.178000 0.180000 7908.101299
0.180000 0.182000 7663.677858
0.182000 0.184000 7418.686084
0.184000 0.186000 7205.468424
0.186000 0.188000 6976.075538
0.188000 0.190000 6775.885540
0.190000 0.192000 6566.561357
0.192000 0.194000 6374.599678
0.194000 0.196000 6192.746173
0.196000 0.198000 6004.305054
0.198000 0.200000 5830.960627
0.200000 0.202000 5664.784741
0.202000 0.204000 5496.167347
0.204000 0.206000 5344.762212
0.206000 0.208000 5192.874008
0.208000 0.210000 5046.584637
0.210000 0.212000 4910.693183
0.212000 0.214000 4777.428635
0.214000 0.216000 4640.695414
0.216000 0.218000 4517.032896
0.218000 0.220000 4393.679979
0.220000 0.222000 4276.398813
0.222000 0.224000 4162.592557
0.224000 0.226000 4057.148125
0.226000 0.228000 3950.857953
0.228000 0.230000 3843.879497
0.230000 0.232000 3752.676352
0.232000 0.234000 3650.126507
0.234000 0.236000 3558.949555
0.236000 0.238000 3468.308303
0.238000 0.240000 3381.164116
0.240000 0.242000 3297.030751
0.242000 0.244000 3215.820309
0.244000 0.246000 3137.844282
0.246000 0.248000 3059.194244
0.248000 0.250000 2985.847519
0.250000 0.252000 2916.953520
0.252000 0.254000 2848.346291
0.254000 0.256000 2777.482686
0.256000 0.258000 2714.686469
0.258000 0.260000 2652.508510
0.260000 0.262000 2587.388418
0.262000 0.264000 2531.601955
0.264000 0.266000 2472.164696
0.266000 0.268000 2417.202015
0.268000 0.270000 2362.148125
0.270000 0.272000 2311.828467
0.272000 0.274000 2261.046268
0.274000 0.276000 2209.689837
0.276000 0.278000 2165.414969
0.278000 0.280000 2117.304901
0.280000 0.282000 2073.215999
0.282000 0.284000 2026.617144
0.284000 0.286000 1987.500232
0.286000 0.288000 1944.021792
0.288000 0.290000 1904.163499
0.290000 0.292000 1864.525756
0.292000 0.294000 1826.998434
0.294000 0.296000 1791.212859
0.296000 0.298000 1752.863536
0.298000 0.300000 1717.781094
0.300000 0.302000 1683.215512
0.302000 0.304000 1652.116265
0.304000 0.306000 1619.031465
0.306000 0.308000 1587.663027
0.308000 0.310000 1557.407288
0.310000 0.312000 1528.043131
0.312000 0.314000 1498.948239
0.314000 0.316000 1472.638852
0.316000 0.318000 1445.734088
0.318000 0.320000 1417.715754
0.320000 0.322000 1392.127813
0.322000 0.324000 1367.555441
0.324000 0.326000 1341.451651
0.326000 0.328000 1317.789211
0.328000 0.330000 1294.889308
0.330000 0.332000 1272.893945
0.332000 0.334000 1250.119372
0.334000 0.336000 1229.353138
0.336000 0.338000 1207.243622
0.338000 0.340000 1186.044697
0.340000 0.342000 1167.270129
0.342000 0.344000 1147.984748
0.344000 0.346000 1129.041796
0.346000 0.348000 1109.029988
0.348000 0.350000 1090.100857
0.350000 0.352000 1073.826617
0.352000 0.354000 1055.431580
0.354000 0.356000 1040.111213
0.356000 0.358000 1022.294418
0.358000 0.360000 1005.705104
0.360000 0.362000 989.840571
0.362000 0.364000 975.723417
0.364000 0.366000 960.621685
0.366000 0.368000 944.598841
0.368000 0.370000 931.048210
0.370000 0.372000 917.371363
0.372000 0.374000 903.214766
0.374000 0.376000 890.049844
0.376000 0.378000 876.872796
0.378000 0.380000 864.953324
0.380000 0.382000 851.429094
0.382000 0.384000 838.838008
0.384000 0.386000 828.335780
0.386000 0.388000 815.838411
0.388000 0.390000 803.762506
0.390000 0.392000 793.008939
0.392000 0.394000 781.509902
0.394000 0.396000 771.765305
0.396000 0.398000 760.552641
0.398000 0.400000 750.134439
0.400000 0.402000 739.684042
0.402000 0.404000 730.129254
0.404000 0.406000 720.161483
0.406000 0.408000 710.023737
0.408000 0.410000 701.998027
0.410000 0.412000 693.094756
0.412000 0.414000 683.376689
0.414000 0.416000 675.637704
0.416000 0.418000 665.299107
0.418000 0.420000 657.326633
0.420000 0.422000 649.755020
0.422000 0.424000 641.474768
0.424000 0.426000 633.795728
0.426000 0.428000 625.372877
0.428000 0.430000 618.081905
0.430000 0.432000 610.364850
0.432000 0.434000 603.200285
0.434000 0.436000 596.593069
0.436000 0.438000 589.579292
0.438000 0.440000 582.577929
0.440000 0.442000 575.245830
0.442000 0.444000 569.270616
0.444000 0.446000 561.392460
0.446000 0.448000 555.437189
0.448000 0.450000 549.855961
0.450000 0.452000 543.392673
0.452000 0.454000 537.619113
0.454000 0.456000 531.484885
0.456000 0.458000 525.920762
0.458000 0.460000 519.645843
0.460000 0.462000 514.069398
0.462000 0.464000 509.198485
0.464000 0.466000 503.053521
0.466000 0.468000 497.374695
0.468000 0.470000 492.455495
0.470000 0.472000 487.006820
0.472000 0.474000 482.430971
0.474000 0.476000 476.746815
0.476000 0.478000 471.905194
0.478000 0.480000 467.153954
0.480000 0.482000 462.181839
0.482000 0.484000 457.830538
0.484000 0.486000 453.436911
0.486000 0.488000 449.080767
0.488000 0.490000 444.196022
0.490000 0.492000 439.565097
0.492000 0.494000 435.384197
0.494000 0.496000 430.917700
0.496000 0.498000 427.063161
0.498000 0.500000 422.717963
0.500000 0.502000 419.239828
0.502000 0.504000 415.423664
0.504000 0.506000 411.289012
0.506000 0.508000 406.655467
0.508000 0.510000 404.053506
0.510000 0.512000 399.922522
0.512000 0.514000 396.309104
0.514000 0.516000 392.536398
0.516000 0.518000 389.087309
0.518000 0.520000 385.127566
0.520000 0.522000 381.850720
0.522000 0.524000 378.883954
0.524000 0.526000 375.073408
0.526000 0.528000 372.184981
0.528000 0.530000 368.912173
0.530000 0.532000 365.212394
0.532000 0.534000 362.723096
0.534000 0.536000 359.350760
0.536000 0.538000 356.198424
0.538000 0.540000 353.745021
0.540000 0.542000 350.506734
0.542000 0.544000 347.411714
0.544000 0.546000 344.344879
0.546000 0.548000 341.763608
0.548000 0.550000 338.863002
0.550000 0.552000 335.975387
0.552000 0.554000 333.391239
0.554000 0.556000 330.962473
0.556000 0.558000 328.419206
0.558000 0.560000 325.242023
0.560000 0.562000 322.909225
0.562000 0.564000 320.024876
0.564000 0.566000 317.393423
0.566000 0.568000 315.257803
0.568000 0.570000 312.669455
0.570000 0.572000 310.451668
0.572000 0.574000 308.167440
0.574000 0.576000 305.781887
0.576000 0.578000 303.425999
0.578000 0.580000 301.221453
0.580000 0.582000 298.641096
0.582000 0.584000 296.594405
0.584000 0.586000 294.657597
0.586000 0.588000 292.578715
0.588000 0.590000 290.275607
0.590000 0.592000 287.921911
0.592000 0.594000 286.005581
0.594000 0.596000 283.789723
0.596000 0.598000 281.983383
0.598000 0.600000 279.930131
0.600000 0.602000 277.965397
0.602000 0.604000 275.906275
0.604000 0.606000 274.247094
0.606000 0.608000 272.398338
0.608000 0.610000 270.087529
0.610000 0.612000 268.436281
0.612000 0.614000 266.849485
0.614000 0.616000 264.691002
0.616000 0.618000 263.045105
0.618000 0.620000 261.429226
0.620000 0.622000 259.183951
0.622000 0.624000 257.786089
0.624000 0.626000 255.851025
0.626000 0.628000 254.377606
0.628000 0.630000 252.557563
0.630000 0.632000 250.975776
0.632000 0.634000 249.524337
0.634000 0.636000 247.809537
0.636000 0.638000 246.185917
0.638000 0.640000 244.517630
0.640000 0.642000 243.126777
0.642000 0.644000 241.659332
0.644000 0.646000 239.890023
0.646000 0.648000 238.417270
0.648000 0.650000 236.918560
0.650000 0.652000 235.349739
0.652000 0.654000 234.098451
0.654000 0.656000 232.722475
0.656000 0.658000 231.062710
0.658000 0.660000 229.825612
0.660000 0.662000 228.441461
0.662000 0.664000 227.023293
0.664000 0.666000 225.841738
0.666000 0.668000 224.222022
0.668000 0.670000 222.984314
0.670000 0.672000 221.610761
0.672000 0.674000 220.337775
0.674000 0.676000 219.386734
0.676000 0.678000 217.979662
0.678000 0.680000 216.711432
0.680000 0.682000 215.459709
0.682000 0.684000 213.910096
0.684000 0.686000 212.748699
0.686000 0.688000 211.696689
0.688000 0.690000 210.492339
0.690000 0.692000 209.423757
0.692000 0.694000 208.267734
0.694000 0.696000 207.197497
0.696000 0.698000 205.753091
0.698000 0.700000 204.728070
0.700000 0.702000 203.462775
0.702000 0.704000 202.311406
0.704000 0.706000 201.420027
0.706000 0.708000 200.090542
0.708000 0.710000 198.981398
0.710000 0.712000 198.103858
0.712000 0.714000 197.001205
0.714000 0.716000 196.084356
0.716000 0.718000 195.062438
0.718000 0.720000 193.959965
0.720000 0.722000 193.043532
0.722000 0.724000 191.962118
0.724000 0.726000 190.813605
0.726000 0.728000 189.928978
0.728000 0.730000 188.850156
0.730000 0.732000 187.979742
0.732000 0.734000 187.021644
0.734000 0.736000 186.056880
0.736000 0.738000 185.031200
0.738000 0.740000 184.391432
0.740000 0.742000 183.332971
0.742000 0.744000 182.102266
0.744000 0.746000 181.354187
0.746000 0.748000 180.547949
0.748000 0.750000 179.760928
0.750000 0.752000 178.633786
0.752000 0.754000 177.713992
0.754000 0.756000 176.837524
0.756000 0.758000 176.106092
0.758000 0.760000 175.267768
0.760000 0.762000 174.365850
0.762000 0.764000 173.638250
0.764000 0.766000 172.674000
0.766000 0.768000 171.651665
0.768000 0.770000 171.128308
0.770000 0.772000 170.444219
0.772000 0.774000 169.622497
0.774000 0.776000 168.630376
0.776000 0.778000 167.969312
0.778000 0.780000 166.943193
0.780000 0.782000 166.442317
0.782000 0.784000 165.663189
0.784000 0.786000 164.718568
0.786000 0.788000 164.097451
0.788000 0.790000 163.268607
0.790000 0.792000 162.640035
0.792000 0.794000 161.793961
0.794000 0.796000 161.074421
0.796000 0.798000 160.509252
0.798000 0.800000 159.680589
0.800000 0.802000 158.973951
0.802000 0.804000 158.227039
0.804000 0.806000 157.641532
0.806000 0.808000 156.738133
0.808000 0.810000 156.074685
0.810000 0.812000 155.322257
0.812000 0.814000 154.912082
0.814000 0.816000 154.098071
0.816000 0.818000 153.403548
0.818000 0.820000 152.703149
0.820000 0.822000 152.128257
0.822000 0.824000 151.401775
0.824000 0.826000 150.930297
0.826000 0.828000 150.179293
0.828000 0.830000 149.615946
0.830000 0.832000 148.989218
0.832000 0.834000 148.380078
0.834000 0.836000 147.779371
0.836000 0.838000 147.202665
0.838000 0.840000 146.470467
0.840000 0.842000 145.901264
0.842000 0.844000 145.422226
0.844000 0.846000 144.676593
0.846000 0.848000 144.142257
0.848000 0.850000 143.641975
0.850000 0.852000 143.041470
0.852000 0.854000 142.382002
0.854000 0.856000 141.923866
0.856000 0.858000 141.173721
0.858000 0.860000 140.692330
0.860000 0.862000 139.984193
0.862000 0.864000 139.532367
0.864000 0.866000 139.183478
0.866000 0.868000 138.603264
0.868000 0.870000 137.887578
0.870000 0.872000 137.499525
0.872000 0.874000 136.926382
0.874000 0.876000 136.215691
0.876000 0.878000 135.712104
0.878000 0.880000 135.320769
0.880000 0.882000 134.771732
0.882000 0.884000 134.237243
0.884000 0.886000 133.782207
0.886000 0.888000 133.235324
0.888000 0.890000 132.685312
0.890000 0.892000 132.247325
0.892000 0.894000 131.736802
0.894000 0.896000 131.274056
0.896000 0.898000 130.759786
0.898000 0.900000 130.355449
0.900000 0.902000 129.703911
0.902000 0.904000 129.258383
0.904000 0.906000 128.784159
0.906000 0.908000 128.498710
0.908000 0.910000 127.923145
0.910000 0.912000 127.329830
0.912000 0.914000 126.948736
0.914000 0.916000 126.493177
0.916000 0.918000 126.011012
0.918000 0.920000 125.719855
0.920000 0.922000 125.239875
0.922000 0.924000 124.616246
0.924000 0.926000 124.132791
0.926000 0.928000 123.867540
0.928000 0.930000 123.346608
0.930000 0.932000 123.132553
0.932000 0.934000 122.472141
0.934000 0.936000 122.110607
0.936000 0.938000 121.612581
0.938000 0.940000 121.334060
0.940000 0.942000 120.773985
0.942000 0.944000 120.360922
0.944000 0.946000 119.864541
0.946000 0.948000 119.504842
0.948000 0.950000 119.092593
0.950000 0.952000 118.871312
0.952000 0.954000 118.375336
0.954000 0.956000 117.916243
0.956000 0.958000 117.530044
0.958000 0.960000 117.137969
0.960000 0.962000 116.678026
0.962000 0.964000 116.346693
0.964000 0.966000 115.954865
0.966000 0.968000 115.618163
0.968000 0.970000 115.273977
0.970000 0.972000 114.832923
0.972000 0.974000 114.408499
0.974000 0.976000 113.996439
0.976000 0.978000 113.661547
0.978000 0.980000 113.210479
0.980000 0.982000 112.924070
0.982000 0.984000 112.543594
0.984000 0.986000 112.206892
0.986000 0.988000 111.874207
0.988000 0.990000 111.500053
0.990000 0.992000 110.977218
0.992000 0.994000 110.790143
0.994000 0.996000 110.497037
0.996000 0.998000 110.061884
0.998000 1.000000 109.625786
