0.000000 0.002000 0.043832
0.002000 0.004000 0.041551
0.004000 0.006000 0.039429
0.006000 0.008000 0.037380
0.008000 0.010000 0.035491
0.010000 0.012000 0.033682
0.012000 0.014000 0.031977
0.014000 0.016000 0.030382
0.016000 0.018000 0.028857
0.018000 0.020000 0.027369
0.020000 0.022000 0.026049
0.022000 0.024000 0.024772
0.024000 0.026000 0.023541
0.026000 0.028000 0.022394
0.028000 0.030000 0.021322
0.030000 0.032000 0.020281
0.032000 0.034000 0.019290
0.034000 0.036000 0.018366
0.036000 0.038000 0.017496
0.038000 0.040000 0.016670
0.040000 0.042000 0.015864
0.042000 0.044000 0.015145
0.044000 0.046000 0.014412
0.046000 0.048000 0.013758
0.048000 0.050000 0.013124
0.050000 0.052000 0.012512
0.052000 0.054000 0.011951
0.054000 0.056000 0.011413
0.056000 0.058000 0.010900
0.058000 0.060000 0.010390
0.060000 0.062000 0.009932
0.062000 0.064000 0.009491
0.064000 0.066000 0.009070
0.066000 0.068000 0.008670
0.068000 0.070000 0.008283
0.070000 0.072000 0.007928
0.072000 0.074000 0.007591
0.074000 0.076000 0.007261
0.076000 0.078000 0.006943
0.078000 0.080000 0.006650
0.080000 0.082000 0.006373
0.082000 0.084000 0.006101
0.084000 0.086000 0.005853
0.086000 0.088000 0.005604
0.088000 0.090000 0.005371
0.090000 0.092000 0.005153
0.092000 0.094000 0.004943
0.094000 0.096000 0.004739
0.096000 0.098000 0.004546
0.098000 0.100000 0.004362
0.100000 0.102000 0.004190
0.102000 0.104000 0.004021
0.104000 0.106000 0.003864
0.106000 0.108000 0.003711
0.108000 0.110000 0.003566
0.110000 0.112000 0.003425
0.112000 0.114000 0.003297
0.114000 0.116000 0.003169
0.116000 0.118000 0.003049
0.118000 0.120000 0.002934
0.120000 0.122000 0.002822
0.122000 0.124000 0.002714
0.124000 0.126000 0.002613
0.126000 0.128000 0.002519
0.128000 0.130000 0.002428
0.130000 0.132000 0.002338
0.132000 0.134000 0.002254
0.134000 0.136000 0.002174
0.136000 0.138000 0.002092
0.138000 0.140000 0.002018
0.140000 0.142000 0.001948
0.142000 0.144000 0.001882
0.144000 0.146000 0.001814
0.146000 0.148000 0.001752
0.148000 0.150000 0.001691
0.150000 0.152000 0.001633
0.152000 0.154000 0.001577
0.154000 0.156000 0.001525
0.156000 0.158000 0.001474
0.158000 0.160000 0.001424
0.160000 0.162000 0.001376
0.162000 0.164000 0.001331
0.164000 0.166000 0.001288
0.166000 0.168000 0.001246
0.168000 0.170000 0.001206
0.170000 0.172000 0.001167
0.172000 0.174000 0.001131
0.174000 0.176000 0.001096
0.176000 0.178000 0.001061
0.178000 0.180000 0.001028
0.180000 0.182000 0.000996
0.182000 0.184000 0.000965
0.184000 0.186000 0.000936
0.186000 0.188000 0.000909
0.188000 0.190000 0.000881
0.190000 0.192000 0.000854
0.192000 0.194000 0.000827
0.194000 0.196000 0.000804
0.196000 0.198000 0.000780
0.198000 0.200000 0.000758
0.200000 0.202000 0.000736
0.202000 0.204000 0.000716
0.204000 0.206000 0.000695
0.206000 0.208000 0.000676
0.208000 0.210000 0.000656
0.210000 0.212000 0.000638
0.212000 0.214000 0.000622
0.214000 0.216000 0.000604
0.216000 0.218000 0.000587
0.218000 0.220000 0.000571
0.220000 0.222000 0.000556
0.222000 0.224000 0.000541
0.224000 0.226000 0.000527
0.226000 0.228000 0.000513
0.228000 0.230000 0.000500
0.230000 0.232000 0.000487
0.232000 0.234000 0.000475
0.234000 0.236000 0.000463
0.236000 0.238000 0.000451
0.238000 0.240000 0.000439
0.240000 0.242000 0.000429
0.242000 0.244000 0.000418
0.244000 0.246000 0.000408
0.246000 0.248000 0.000398
0.248000 0.250000 0.000388
0.250000 0.252000 0.000379
0.252000 0.254000 0.000370
0.254000 0.256000 0.000361
0.256000 0.258000 0.000353
0.258000 0.260000 0.000345
0.260000 0.262000 0.000337
0.262000 0.264000 0.000329
0.264000 0.266000 0.000321
0.266000 0.268000 0.000314
0.268000 0.270000 0.000307
0.270000 0.272000 0.000300
0.272000 0.274000 0.000294
0.274000 0.276000 0.000287
0.276000 0.278000 0.000281
0.278000 0.280000 0.000275
0.280000 0.282000 0.000269
0.282000 0.284000 0.000264
0.284000 0.286000 0.000258
0.286000 0.288000 0.000253
0.288000 0.290000 0.000247
0.290000 0.292000 0.000243
0.292000 0.294000 0.000237
0.294000 0.296000 0.000233
0.296000 0.298000 0.000228
0.298000 0.300000 0.000224
0.300000 0.302000 0.000219
0.302000 0.304000 0.000215
0.304000 0.306000 0.000210
0.306000 0.308000 0.000206
0.308000 0.310000 0.000202
0.310000 0.312000 0.000199
0.312000 0.314000 0.000195
0.314000 0.316000 0.000191
0.316000 0.318000 0.000188
0.318000 0.320000 0.000184
0.320000 0.322000 0.000181
0.322000 0.324000 0.000178
0.324000 0.326000 0.000174
0.326000 0.328000 0.000171
0.328000 0.330000 0.000168
0.330000 0.332000 0.000165
0.332000 0.334000 0.000163
0.334000 0.336000 0.000160
0.336000 0.338000 0.000157
0.338000 0.340000 0.000154
0.340000 0.342000 0.000152
0.342000 0.344000 0.000149
0.344000 0.346000 0.000147
0.346000 0.348000 0.000144
0.348000 0.350000 0.000142
0.350000 0.352000 0.000140
0.352000 0.354000 0.000137
0.354000 0.356000 0.000135
0.356000 0.358000 0.000133
0.358000 0.360000 0.000131
0.360000 0.362000 0.000129
0.362000 0.364000 0.000127
0.364000 0.366000 0.000125
0.366000 0.368000 0.000123
0.368000 0.370000 0.000121
0.370000 0.372000 0.000119
0.372000 0.374000 0.000117
0.374000 0.376000 0.000116
0.376000 0.378000 0.000114
0.378000 0.380000 0.000112
0.380000 0.382000 0.000111
0.382000 0.384000 0.000109
0.384000 0.386000 0.000108
0.386000 0.388000 0.000106
0.388000 0.390000 0.000105
0.390000 0.392000 0.000103
0.392000 0.394000 0.000102
0.394000 0.396000 0.000100
0.396000 0.398000 0.000099
0.398000 0.400000 0.000098
0.400000 0.402000 0.000096
0.402000 0.404000 0.000095
0.404000 0.406000 0.000094
0.406000 0.408000 0.000092
0.408000 0.410000 0.000091
0.410000 0.412000 0.000090
0.412000 0.414000 0.000089
0.414000 0.416000 0.000088
0.416000 0.418000 0.000087
0.418000 0.420000 0.000085
0.420000 0.422000 0.000084
0.422000 0.424000 0.000083
0.424000 0.426000 0.000082
0.426000 0.428000 0.000081
0.428000 0.430000 0.000080
0.430000 0.432000 0.000079
0.432000 0.434000 0.000078
0.434000 0.436000 0.000077
0.436000 0.438000 0.000077
0.438000 0.440000 0.000076
0.440000 0.442000 0.000075
0.442000 0.444000 0.000074
0.444000 0.446000 0.000073
0.446000 0.448000 0.000072
0.448000 0.450000 0.000071
0.450000 0.452000 0.000071
0.452000 0.454000 0.000070
0.454000 0.456000 0.000069
0.456000 0.458000 0.000068
0.458000 0.460000 0.000068
0.460000 0.462000 0.000067
0.462000 0.464000 0.000066
0.464000 0.466000 0.000065
0.466000 0.468000 0.000065
0.468000 0.470000 0.000064
0.470000 0.472000 0.000063
0.472000 0.474000 0.000063
0.474000 0.476000 0.000062
0.476000 0.478000 0.000061
0.478000 0.480000 0.000061
0.480000 0.482000 0.000060
0.482000 0.484000 0.000060
0.484000 0.486000 0.000059
0.486000 0.488000 0.000058
0.488000 0.490000 0.000058
0.490000 0.492000 0.000057
0.492000 0.494000 0.000057
0.494000 0.496000 0.000056
0.496000 0.498000 0.000056
0.498000 0.500000 0.000055
0.500000 0.502000 0.000054
0.502000 0.504000 0.000054
0.504000 0.506000 0.000053
0.506000 0.508000 0.000053
0.508000 0.510000 0.000053
0.510000 0.512000 0.000052
0.512000 0.514000 0.000051
0.514000 0.516000 0.000051
0.516000 0.518000 0.000051
0.518000 0.520000 0.000050
0.520000 0.522000 0.000050
0.522000 0.524000 0.000049
0.524000 0.526000 0.000049
0.526000 0.528000 0.000048
0.528000 0.530000 0.000048
0.530000 0.532000 0.000047
0.532000 0.534000 0.000047
0.534000 0.536000 0.000047
0.536000 0.538000 0.000046
0.538000 0.540000 0.000046
0.540000 0.542000 0.000046
0.542000 0.544000 0.000045
0.544000 0.546000 0.000045
0.546000 0.548000 0.000044
0.548000 0.550000 0.000044
0.550000 0.552000 0.000044
0.552000 0.554000 0.000043
0.554000 0.556000 0.000043
0.556000 0.558000 0.000043
0.558000 0.560000 0.000042
0.560000 0.562000 0.000042
0.562000 0.564000 0.000042
0.564000 0.566000 0.000041
0.566000 0.568000 0.000041
0.568000 0.570000 0.000041
0.570000 0.572000 0.000040
0.572000 0.574000 0.000040
0.574000 0.576000 0.000040
0.576000 0.578000 0.000039
0.578000 0.580000 0.000039
0.580000 0.582000 0.000039
0.582000 0.584000 0.000039
0.584000 0.586000 0.000038
0.586000 0.588000 0.000038
0.588000 0.590000 0.000038
0.590000 0.592000 0.000037
0.592000 0.594000 0.000037
0.594000 0.596000 0.000037
0.596000 0.598000 0.000037
0.598000 0.600000 0.000036
0.600000 0.602000 0.000036
0.602000 0.604000 0.000036
0.604000 0.606000 0.000036
0.606000 0.608000 0.000035
0.608000 0.610000 0.000035
0.610000 0.612000 0.000035
0.612000 0.614000 0.000035
0.614000 0.616000 0.000034
0.616000 0.618000 0.000034
0.618000 0.620000 0.000034
0.620000 0.622000 0.000034
0.622000 0.624000 0.000034
0.624000 0.626000 0.000033
0.626000 0.628000 0.000033
0.628000 0.630000 0.000033
0.630000 0.632000 0.000033
0.632000 0.634000 0.000032
0.634000 0.636000 0.000032
0.636000 0.638000 0.000032
0.638000 0.640000 0.000032
0.640000 0.642000 0.000032
0.642000 0.644000 0.000031
0.644000 0.646000 0.000031
0.646000 0.648000 0.000031
0.648000 0.650000 0.000031
0.650000 0.652000 0.000031
0.652000 0.654000 0.000030
0.654000 0.656000 0.000030
0.656000 0.658000 0.000030
0.658000 0.660000 0.000030
0.660000 0.662000 0.000030
0.662000 0.664000 0.000030
0.664000 0.666000 0.000029
0.666000 0.668000 0.000029
0.668000 0.670000 0.000029
0.670000 0.672000 0.000029
0.672000 0.674000 0.000029
0.674000 0.676000 0.000028
0.676000 0.678000 0.000028
0.678000 0.680000 0.000028
0.680000 0.682000 0.000028
0.682000 0.684000 0.000028
0.684000 0.686000 0.000028
0.686000 0.688000 0.000028
0.688000 0.690000 0.000027
0.690000 0.692000 0.000027
0.692000 0.694000 0.000027
0.694000 0.696000 0.000027
0.696000 0.698000 0.000027
0.698000 0.700000 0.000027
0.700000 0.702000 0.000026
0.702000 0.704000 0.000026
0.704000 0.706000 0.000026
0.706000 0.708000 0.000026
0.708000 0.710000 0.000026
0.710000 0.712000 0.000026
0.712000 0.714000 0.000026
0.714000 0.716000 0.000025
0.716000 0.718000 0.000025
0.718000 0.720000 0.000025
0.720000 0.722000 0.000025
0.722000 0.724000 0.000025
0.724000 0.726000 0.000025
0.726000 0.728000 0.000025
0.728000 0.730000 0.000025
0.730000 0.732000 0.000024
0.732000 0.734000 0.000024
0.734000 0.736000 0.000024
0.736000 0.738000 0.000024
0.738000 0.740000 0.000024
0.740000 0.742000 0.000024
0.742000 0.744000 0.000024
0.744000 0.746000 0.000024
0.746000 0.748000 0.000023
0.748000 0.750000 0.000023
0.750000 0.752000 0.000023
0.752000 0.754000 0.000023
0.754000 0.756000 0.000023
0.756000 0.758000 0.000023
0.758000 0.760000 0.000023
0.760000 0.762000 0.000023
0.762000 0.764000 0.000023
0.764000 0.766000 0.000022
0.766000 0.768000 0.000022
0.768000 0.770000 0.000022
0.770000 0.772000 0.000022
0.772000 0.774000 0.000022
0.774000 0.776000 0.000022
0.776000 0.778000 0.000022
0.778000 0.780000 0.000022
0.780000 0.782000 0.000022
0.782000 0.784000 0.000022
0.784000 0.786000 0.000021
0.786000 0.788000 0.000021
0.788000 0.790000 0.000021
0.790000 0.792000 0.000021
0.792000 0.794000 0.000021
0.794000 0.796000 0.000021
0.796000 0.798000 0.000021
0.798000 0.800000 0.000021
0.800000 0.802000 0.000021
0.802000 0.804000 0.000021
0.804000 0.806000 0.000020
0.806000 0.808000 0.000020
0.808000 0.810000 0.000020
0.810000 0.812000 0.000020
0.812000 0.814000 0.000020
0.814000 0.816000 0.000020
0.816000 0.818000 0.000020
0.818000 0.820000 0.000020
0.820000 0.822000 0.000020
0.822000 0.824000 0.000020
0.824000 0.826000 0.000020
0.826000 0.828000 0.000020
0.828000 0.830000 0.000019
0.830000 0.832000 0.000019
0.832000 0.834000 0.000019
0.834000 0.836000 0.000019
0.836000 0.838000 0.000019
0.838000 0.840000 0.000019
0.840000 0.842000 0.000019
0.842000 0.844000 0.000019
0.844000 0.846000 0.000019
0.846000 0.848000 0.000019
0.848000 0.850000 0.000019
0.850000 0.852000 0.000019
0.852000 0.854000 0.000018
0.854000 0.856000 0.000018
0.856000 0.858000 0.000018
0.858000 0.860000 0.000018
0.860000 0.862000 0.000018
0.862000 0.864000 0.000018
0.864000 0.866000 0.000018
0.866000 0.868000 0.000018
0.868000 0.870000 0.000018
0.870000 0.872000 0.000018
0.872000 0.874000 0.000018
0.874000 0.876000 0.000018
0.876000 0.878000 0.000018
0.878000 0.880000 0.000018
0.880000 0.882000 0.000018
0.882000 0.884000 0.000017
0.884000 0.886000 0.000017
0.886000 0.888000 0.000017
0.888000 0.890000 0.000017
0.890000 0.892000 0.000017
0.892000 0.894000 0.000017
0.894000 0.896000 0.000017
0.896000 0.898000 0.000017
0.898000 0.900000 0.000017
0.900000 0.902000 0.000017
0.902000 0.904000 0.000017
0.904000 0.906000 0.000017
0.906000 0.908000 0.000017
0.908000 0.910000 0.000017
0.910000 0.912000 0.000017
0.912000 0.914000 0.000017
0.914000 0.916000 0.000016
0.916000 0.918000 0.000016
0.918000 0.920000 0.000016
0.920000 0.922000 0.000016
0.922000 0.924000 0.000016
0.924000 0.926000 0.000016
0.926000 0.928000 0.000016
0.928000 0.930000 0.000016
0.930000 0.932000 0.000016
0.932000 0.934000 0.000016
0.934000 0.936000 0.000016
0.936000 0.938000 0.000016
0.938000 0.940000 0.000016
0.940000 0.942000 0.000016
0.942000 0.944000 0.000016
0.944000 0.946000 0.000016
0.946000 0.948000 0.000016
0.948000 0.950000 0.000015
0.950000 0.952000 0.000015
0.952000 0.954000 0.000015
0.954000 0.956000 0.000015
0.956000 0.958000 0.000015
0.958000 0.960000 0.000015
0.960000 0.962000 0.000015
0.962000 0.964000 0.000015
0.964000 0.966000 0.000015
0.966000 0.968000 0.000015
0.968000 0.970000 0.000015
0.970000 0.972000 0.000015
0.972000 0.974000 0.000015
0.974000 0.976000 0.000015
0.976000 0.978000 0.000015
0.978000 0.980000 0.000015
0.980000 0.982000 0.000015
0.982000 0.984000 0.000015
0.984000 0.986000 0.000015
0.986000 0.988000 0.000015
0.988000 0.990000 0.000014
0.990000 0.992000 0.000014
0.992000 0.994000 0.000014
0.994000 0.996000 0.000014
0.996000 0.998000 0.000014
0.998000 1.000000 0.000014
