0.000000 0.002000 41388.391163
0.002000 0.004000 44920.686662
0.004000 0.006000 47989.848301
0.006000 0.008000 50567.195624
0.008000 0.010000 52800.081892
0.010000 0.012000 54635.364835
0.012000 0.014000 56150.695470
0.014000 0.016000 57341.351082
0.016000 0.018000 58234.555649
0.018000 0.020000 58869.328319
0.020000 0.022000 59328.334355
0.022000 0.024000 59584.383070
0.024000 0.026000 59615.462382
0.026000 0.028000 59540.544781
0.028000 0.030000 59338.763868
0.030000 0.032000 58899.292371
0.032000 0.034000 58297.373429
0.034000 0.036000 57778.675386
0.036000 0.038000 56973.582643
0.038000 0.040000 56208.413390
0.040000 0.042000 55311.307523
0.042000 0.044000 54442.661457
0.044000 0.046000 53487.306637
0.046000 0.048000 52452.145664
0.048000 0.050000 51366.361140
0.050000 0.052000 50281.320657
0.052000 0.054000 49204.367780
0.054000 0.056000 48096.546403
0.056000 0.058000 46972.331880
0.058000 0.060000 45761.085726
0.060000 0.062000 44644.004159
0.062000 0.064000 43457.248582
0.064000 0.066000 42329.609889
0.066000 0.068000 41153.681911
0.068000 0.070000 40003.785055
0.070000 0.072000 38896.387244
0.072000 0.074000 37761.983488
0.074000 0.076000 36634.483309
0.076000 0.078000 35549.620567
0.078000 0.080000 34444.095333
0.080000 0.082000 33414.987568
0.082000 0.084000 32358.188195
0.084000 0.086000 31379.693771
0.086000 0.088000 30374.079713
0.088000 0.090000 29370.468466
0.090000 0.092000 28413.461062
0.092000 0.094000 27470.934188
0.094000 0.096000 26557.475664
0.096000 0.098000 25668.206389
0.098000 0.100000 24779.718729
0.100000 0.102000 23959.787342
0.102000 0.104000 23130.711763
0.104000 0.106000 22328.041182
0.106000 0.108000 21528.166486
0.108000 0.110000 20793.699113
0.110000 0.112000 20028.127356
0.112000 0.114000 19333.902234
0.114000 0.116000 18639.362585
0.116000 0.118000 17969.927007
0.118000 0.120000 17301.830243
0.120000 0.122000 16685.004331
0.122000 0.124000 16060.299252
0.124000 0.126000 15473.932555
0.126000 0.128000 14897.880314
0.128000 0.130000 14356.902079
0.130000 0.132000 13807.518382
0.132000 0.134000 13308.577016
0.134000 0.136000 12793.084400
0.136000 0.138000 12315.679748
0.138000 0.140000 11843.868733
0.140000 0.142000 11384.295551
0.142000 0.144000 10958.207471
0.144000 0.146000 10536.570102
0.146000 0.148000 10131.745376
0.148000 0.150000 9746.244097
0.150000 0.152000 9360.141221
0.152000 0.154000 8996.327567
0.154000 0.156000 8649.886122
0.156000 0.158000 8315.335503
0.158000 0.160000 7982.359313
0.160000 0.162000 7669.169726
0.162000 0.164000 7363.077877
0.164000 0.166000 7074.790493
0.166000 0.168000 6803.174901
0.168000 0.170000 6531.289357
0.170000 0.172000 6267.119474
0.172000 0.174000 6021.698640
0.174000 0.176000 5776.158299
0.176000 0.178000 5547.798207
0.178000 0.180000 5327.391854
0.180000 0.182000 5109.771474
0.182000 0.184000 4905.165659
0.184000 0.186000 4708.419225
0.186000 0.188000 4518.817967
0.188000 0.190000 4337.154266
0.190000 0.192000 4157.127347
0.192000 0.194000 3988.171002
0.194000 0.196000 3825.990193
0.196000 0.198000 3671.442096
0.198000 0.200000 3521.418439
0.200000 0.202000 3378.821906
0.202000 0.204000 3239.258135
0.204000 0.206000 3106.374526
0.206000 0.208000 2980.711880
0.208000 0.210000 2858.276908
0.210000 0.212000 2740.582893
0.212000 0.214000 2628.873932
0.214000 0.216000 2519.723002
0.216000 0.218000 2413.675943
0.218000 0.220000 2314.640242
0.220000 0.222000 2219.148979
0.222000 0.224000 2127.817694
0.224000 0.226000 2040.709321
0.226000 0.228000 1957.214402
0.228000 0.230000 1874.830189
0.230000 0.232000 1795.909411
0.232000 0.234000 1723.076169
0.234000 0.236000 1650.036123
0.236000 0.238000 1582.187345
0.238000 0.240000 1515.000294
0.240000 0.242000 1452.597700
0.242000 0.244000 1392.765583
0.244000 0.246000 1333.940480
0.246000 0.248000 1278.084944
0.248000 0.250000 1225.091988
0.250000 0.252000 1172.269021
0.252000 0.254000 1124.350379
0.254000 0.256000 1076.679727
0.256000 0.258000 1031.755522
0.258000 0.260000 987.481654
0.260000 0.262000 946.797231
0.262000 0.264000 907.255458
0.264000 0.266000 868.890876
0.266000 0.268000 832.275213
0.268000 0.270000 797.154700
0.270000 0.272000 763.876587
0.272000 0.274000 731.717768
0.274000 0.276000 699.926388
0.276000 0.278000 671.457134
0.278000 0.280000 643.031028
0.280000 0.282000 615.600268
0.282000 0.284000 589.166627
0.284000 0.286000 565.311362
0.286000 0.288000 540.799704
0.288000 0.290000 518.155899
0.290000 0.292000 496.385352
0.292000 0.294000 475.425844
0.294000 0.296000 455.260050
0.296000 0.298000 436.260233
0.298000 0.300000 417.103512
0.300000 0.302000 399.296817
0.302000 0.304000 382.737060
0.304000 0.306000 366.009961
0.306000 0.308000 350.997317
0.308000 0.310000 335.653929
0.310000 0.312000 321.478869
0.312000 0.314000 307.770225
0.314000 0.316000 295.317927
0.316000 0.318000 282.744425
0.318000 0.320000 270.554087
0.320000 0.322000 259.094450
0.322000 0.324000 248.382039
0.324000 0.326000 237.438108
0.326000 0.328000 227.543458
0.328000 0.330000 217.790657
0.330000 0.332000 208.518898
0.332000 0.334000 199.685334
0.334000 0.336000 191.185679
0.336000 0.338000 183.011001
0.338000 0.340000 175.323818
0.340000 0.342000 167.852312
0.342000 0.344000 160.875824
0.344000 0.346000 153.933572
0.346000 0.348000 147.222075
0.348000 0.350000 141.038173
0.350000 0.352000 135.203390
0.352000 0.354000 129.401984
0.354000 0.356000 123.850543
0.356000 0.358000 118.567478
0.358000 0.360000 113.440031
0.360000 0.362000 108.685131
0.362000 0.364000 104.118970
0.364000 0.366000 99.676566
0.366000 0.368000 95.401066
0.368000 0.370000 91.324963
0.370000 0.372000 87.445577
0.372000 0.374000 83.776901
0.374000 0.376000 80.216867
0.376000 0.378000 76.839491
0.378000 0.380000 73.523706
0.380000 0.382000 70.445490
0.382000 0.384000 67.398982
0.384000 0.386000 64.587158
0.386000 0.388000 61.839153
0.388000 0.390000 59.176093
0.390000 0.392000 56.640806
0.392000 0.394000 54.247735
0.394000 0.396000 51.991195
0.396000 0.398000 49.756311
0.398000 0.400000 47.635710
0.400000 0.402000 45.574880
0.402000 0.404000 43.707251
0.404000 0.406000 41.781289
0.406000 0.408000 39.980408
0.408000 0.410000 38.342118
0.410000 0.412000 36.708776
0.412000 0.414000 35.149943
0.414000 0.416000 33.664557
0.416000 0.418000 32.182154
0.418000 0.420000 30.857247
0.420000 0.422000 29.551565
0.422000 0.424000 28.264596
0.424000 0.426000 27.087945
0.426000 0.428000 25.924379
0.428000 0.430000 24.864718
0.430000 0.432000 23.782297
0.432000 0.434000 22.793753
0.434000 0.436000 21.817421
0.436000 0.438000 20.890181
0.438000 0.440000 20.021942
0.440000 0.442000 19.172652
0.442000 0.444000 18.355976
0.444000 0.446000 17.547195
0.446000 0.448000 16.833337
0.448000 0.450000 16.118336
0.450000 0.452000 15.437133
0.452000 0.454000 14.786576
0.454000 0.456000 14.174022
0.456000 0.458000 13.552032
0.458000 0.460000 12.983383
0.460000 0.462000 12.441808
0.462000 0.464000 11.924874
0.464000 0.466000 11.410294
0.466000 0.468000 10.922135
0.468000 0.470000 10.472094
0.470000 0.472000 10.028787
0.472000 0.474000 9.603406
0.474000 0.476000 9.195067
0.476000 0.478000 8.810606
0.478000 0.480000 8.434216
0.480000 0.482000 8.083621
0.482000 0.484000 7.751229
0.484000 0.486000 7.413029
0.486000 0.488000 7.110099
0.488000 0.490000 6.797550
0.490000 0.492000 6.512369
0.492000 0.494000 6.240282
0.494000 0.496000 5.973854
0.496000 0.498000 5.726723
0.498000 0.500000 5.485016
0.500000 0.502000 5.258628
0.502000 0.504000 5.037696
0.504000 0.506000 4.824478
0.506000 0.508000 4.615003
0.508000 0.510000 4.429854
0.510000 0.512000 4.239398
0.512000 0.514000 4.062700
0.514000 0.516000 3.892048
0.516000 0.518000 3.730589
0.518000 0.520000 3.570817
0.520000 0.522000 3.424150
0.522000 0.524000 3.282021
0.524000 0.526000 3.143070
0.526000 0.528000 3.012242
0.528000 0.530000 2.887757
0.530000 0.532000 2.760758
0.532000 0.534000 2.649183
0.534000 0.536000 2.538735
0.536000 0.538000 2.431493
0.538000 0.540000 2.328931
0.540000 0.542000 2.234052
0.542000 0.544000 2.142074
0.544000 0.546000 2.050533
0.546000 0.548000 1.965393
0.548000 0.550000 1.883596
0.550000 0.552000 1.803771
0.552000 0.554000 1.730784
0.554000 0.556000 1.657704
0.556000 0.558000 1.589860
0.558000 0.560000 1.522410
0.560000 0.562000 1.460941
0.562000 0.564000 1.397575
0.564000 0.566000 1.339222
0.566000 0.568000 1.284821
0.568000 0.570000 1.231205
0.570000 0.572000 1.180292
0.572000 0.574000 1.130972
0.574000 0.576000 1.083363
0.576000 0.578000 1.039265
0.578000 0.580000 0.996905
0.580000 0.582000 0.954149
0.582000 0.584000 0.914965
0.584000 0.586000 0.877071
0.586000 0.588000 0.841165
0.588000 0.590000 0.806842
0.590000 0.592000 0.772599
0.592000 0.594000 0.740904
0.594000 0.596000 0.710045
0.596000 0.598000 0.680519
0.598000 0.600000 0.653074
0.600000 0.602000 0.625719
0.602000 0.604000 0.599382
0.604000 0.606000 0.575349
0.606000 0.608000 0.552228
0.608000 0.610000 0.528593
0.610000 0.612000 0.506730
0.612000 0.614000 0.486720
0.614000 0.616000 0.465870
0.616000 0.618000 0.446995
0.618000 0.620000 0.428801
0.620000 0.622000 0.410812
0.622000 0.624000 0.393612
0.624000 0.626000 0.377852
0.626000 0.628000 0.362536
0.628000 0.630000 0.347440
0.630000 0.632000 0.332831
0.632000 0.634000 0.319971
0.634000 0.636000 0.306313
0.636000 0.638000 0.293817
0.638000 0.640000 0.281783
0.640000 0.642000 0.270471
0.642000 0.644000 0.259402
0.644000 0.646000 0.248579
0.646000 0.648000 0.238796
0.648000 0.650000 0.228671
0.650000 0.652000 0.219640
0.652000 0.654000 0.210445
0.654000 0.656000 0.201922
0.656000 0.658000 0.193548
0.658000 0.660000 0.185730
0.660000 0.662000 0.178146
0.662000 0.664000 0.170836
0.664000 0.666000 0.163953
0.666000 0.668000 0.157271
0.668000 0.670000 0.150819
0.670000 0.672000 0.144664
0.672000 0.674000 0.138802
0.674000 0.676000 0.133364
0.676000 0.678000 0.127855
0.678000 0.680000 0.122744
0.680000 0.682000 0.117704
0.682000 0.684000 0.112852
0.684000 0.686000 0.108318
0.686000 0.688000 0.103859
0.688000 0.690000 0.099725
0.690000 0.692000 0.095728
0.692000 0.694000 0.091758
0.694000 0.696000 0.088053
0.696000 0.698000 0.084462
0.698000 0.700000 0.081181
0.700000 0.702000 0.077820
0.702000 0.704000 0.074713
0.704000 0.706000 0.071703
0.706000 0.708000 0.068732
0.708000 0.710000 0.065949
0.710000 0.712000 0.063349
0.712000 0.714000 0.060778
0.714000 0.716000 0.058360
0.716000 0.718000 0.056004
0.718000 0.720000 0.053774
0.720000 0.722000 0.051607
0.722000 0.724000 0.049545
0.724000 0.726000 0.047530
0.726000 0.728000 0.045636
0.728000 0.730000 0.043832
0.730000 0.732000 0.042044
0.732000 0.734000 0.040386
0.734000 0.736000 0.038732
0.736000 0.738000 0.037204
0.738000 0.740000 0.035719
0.740000 0.742000 0.034297
0.742000 0.744000 0.032872
0.744000 0.746000 0.031589
0.746000 0.748000 0.030346
0.748000 0.750000 0.029130
0.750000 0.752000 0.027959
0.752000 0.754000 0.026837
0.754000 0.756000 0.025753
0.756000 0.758000 0.024712
0.758000 0.760000 0.023767
0.760000 0.762000 0.022825
0.762000 0.764000 0.021918
0.764000 0.766000 0.021048
0.766000 0.768000 0.020186
0.768000 0.770000 0.019399
0.770000 0.772000 0.018643
0.772000 0.774000 0.017901
0.774000 0.776000 0.017190
0.776000 0.778000 0.016508
0.778000 0.780000 0.015842
0.780000 0.782000 0.015228
0.782000 0.784000 0.014622
0.784000 0.786000 0.014030
0.786000 0.788000 0.013492
0.788000 0.790000 0.012948
0.790000 0.792000 0.012442
0.792000 0.794000 0.011951
0.794000 0.796000 0.011481
0.796000 0.798000 0.011043
0.798000 0.800000 0.010591
0.800000 0.802000 0.010180
0.802000 0.804000 0.009784
0.804000 0.806000 0.009398
0.806000 0.808000 0.009016
0.808000 0.810000 0.008667
0.810000 0.812000 0.008323
0.812000 0.814000 0.008002
0.814000 0.816000 0.007692
0.816000 0.818000 0.007390
0.818000 0.820000 0.007093
0.820000 0.822000 0.006826
0.822000 0.824000 0.006547
0.824000 0.826000 0.006304
0.826000 0.828000 0.006050
0.828000 0.830000 0.005814
0.830000 0.832000 0.005588
0.832000 0.834000 0.005366
0.834000 0.836000 0.005164
0.836000 0.838000 0.004959
0.838000 0.840000 0.004766
0.840000 0.842000 0.004581
0.842000 0.844000 0.004405
0.844000 0.846000 0.004232
0.846000 0.848000 0.004066
0.848000 0.850000 0.003911
0.850000 0.852000 0.003757
0.852000 0.854000 0.003610
0.854000 0.856000 0.003471
0.856000 0.858000 0.003336
0.858000 0.860000 0.003207
0.860000 0.862000 0.003083
0.862000 0.864000 0.002961
0.864000 0.866000 0.002851
0.866000 0.868000 0.002738
0.868000 0.870000 0.002632
0.870000 0.872000 0.002532
0.872000 0.874000 0.002434
0.874000 0.876000 0.002338
0.876000 0.878000 0.002249
0.878000 0.880000 0.002164
0.880000 0.882000 0.002080
0.882000 0.884000 0.001999
0.884000 0.886000 0.001923
0.886000 0.888000 0.001848
0.888000 0.890000 0.001778
0.890000 0.892000 0.001709
0.892000 0.894000 0.001644
0.894000 0.896000 0.001582
0.896000 0.898000 0.001521
0.898000 0.900000 0.001462
0.900000 0.902000 0.001405
0.902000 0.904000 0.001353
0.904000 0.906000 0.001302
0.906000 0.908000 0.001253
0.908000 0.910000 0.001203
0.910000 0.912000 0.001157
0.912000 0.914000 0.001113
0.914000 0.916000 0.001072
0.916000 0.918000 0.001030
0.918000 0.920000 0.000991
0.920000 0.922000 0.000953
0.922000 0.924000 0.000917
0.924000 0.926000 0.000882
0.926000 0.928000 0.000849
0.928000 0.930000 0.000817
0.930000 0.932000 0.000786
0.932000 0.934000 0.000756
0.934000 0.936000 0.000727
0.936000 0.938000 0.000699
0.938000 0.940000 0.000673
0.940000 0.942000 0.000648
0.942000 0.944000 0.000623
0.944000 0.946000 0.000599
0.946000 0.948000 0.000577
0.948000 0.950000 0.000555
0.950000 0.952000 0.000535
0.952000 0.954000 0.000514
0.954000 0.956000 0.000495
0.956000 0.958000 0.000476
0.958000 0.960000 0.000458
0.960000 0.962000 0.000441
0.962000 0.964000 0.000425
0.964000 0.966000 0.000409
0.966000 0.968000 0.000393
0.968000 0.970000 0.000379
0.970000 0.972000 0.000364
0.972000 0.974000 0.000351
0.974000 0.976000 0.000337
0.976000 0.978000 0.000325
0.978000 0.980000 0.000312
0.980000 0.982000 0.000301
0.982000 0.984000 0.000290
0.984000 0.986000 0.000279
0.986000 0.988000 0.000269
0.988000 0.990000 0.000258
0.990000 0.992000 0.000249
0.992000 0.994000 0.000240
0.994000 0.996000 0.000231
0.996000 0.998000 0.000222
0.998000 1.000000 0.000214
