0.000000 0.002000 224890.992370
0.002000 0.004000 213180.588521
0.004000 0.006000 202219.415244
0.006000 0.008000 191671.888100
0.008000 0.010000 181913.916556
0.010000 0.012000 172448.799475
0.012000 0.014000 163619.862267
0.014000 0.016000 155222.377324
0.016000 0.018000 147280.250733
0.018000 0.020000 139773.296804
0.020000 0.022000 132698.629918
0.022000 0.024000 125942.109222
0.024000 0.026000 119665.940701
0.026000 0.028000 113517.009938
0.028000 0.030000 107860.821971
0.030000 0.032000 102394.385135
0.032000 0.034000 97210.457017
0.034000 0.036000 92264.035075
0.036000 0.038000 87687.295416
0.038000 0.040000 83353.413894
0.040000 0.042000 79134.446677
0.042000 0.044000 75217.259482
0.044000 0.046000 71492.166643
0.046000 0.048000 67942.909615
0.048000 0.050000 64622.668784
0.050000 0.052000 61377.558100
0.052000 0.054000 58370.865883
0.054000 0.056000 55588.315256
0.056000 0.058000 52839.399889
0.058000 0.060000 50186.956758
0.060000 0.062000 47817.120513
0.062000 0.064000 45446.438297
0.064000 0.066000 43239.202797
0.066000 0.068000 41164.391192
0.068000 0.070000 39174.387051
0.070000 0.072000 37295.626068
0.072000 0.074000 35471.039106
0.074000 0.076000 33814.865882
0.076000 0.078000 32190.210998
0.078000 0.080000 30641.488439
0.080000 0.082000 29172.088625
0.082000 0.084000 27791.457485
0.084000 0.086000 26483.938477
0.086000 0.088000 25225.053310
0.088000 0.090000 24037.901004
0.090000 0.092000 22908.582405
0.092000 0.094000 21822.117716
0.094000 0.096000 20808.285993
0.096000 0.098000 19824.815035
0.098000 0.100000 18872.259202
0.100000 0.102000 18023.159094
0.102000 0.104000 17174.356443
0.104000 0.106000 16403.094673
0.106000 0.108000 15626.120895
0.108000 0.110000 14904.030773
0.110000 0.112000 14220.516794
0.112000 0.114000 13563.767600
0.114000 0.116000 12941.718541
0.116000 0.118000 12344.001201
0.118000 0.120000 11777.544028
0.120000 0.122000 11247.664123
0.122000 0.124000 10737.967652
0.124000 0.126000 10256.193335
0.126000 0.128000 9800.447597
0.128000 0.130000 9355.122694
0.130000 0.132000 8934.468625
0.132000 0.134000 8538.310280
0.134000 0.136000 8151.517187
0.136000 0.138000 7790.885535
0.138000 0.140000 7434.197584
0.140000 0.142000 7099.459500
0.142000 0.144000 6805.893513
0.144000 0.146000 6489.375598
0.146000 0.148000 6209.698433
0.148000 0.150000 5938.702496
0.150000 0.152000 5674.931301
0.152000 0.154000 5428.092701
0.154000 0.156000 5187.417879
0.156000 0.158000 4962.329234
0.158000 0.160000 4751.830767
0.160000 0.162000 4542.271062
0.162000 0.164000 4344.662372
0.164000 0.166000 4158.359784
0.166000 0.168000 3983.510588
0.168000 0.170000 3808.239779
0.170000 0.172000 3651.275782
0.172000 0.174000 3492.493873
0.174000 0.176000 3344.315190
0.176000 0.178000 3204.332204
0.178000 0.180000 3067.199734
0.180000 0.182000 2940.105983
0.182000 0.184000 2809.835154
0.184000 0.186000 2696.559533
0.186000 0.188000 2581.377010
0.188000 0.190000 2477.215479
0.190000 0.192000 2371.743611
0.192000 0.194000 2273.067266
0.194000 0.196000 2180.513316
0.196000 0.198000 2088.129476
0.198000 0.200000 2003.626280
0.200000 0.202000 1920.190749
0.202000 0.204000 1840.484710
0.204000 0.206000 1765.448255
0.206000 0.208000 1693.761671
0.208000 0.210000 1624.353243
0.210000 0.212000 1560.144001
0.212000 0.214000 1496.211587
0.214000 0.216000 1436.285786
0.216000 0.218000 1378.130083
0.218000 0.220000 1321.788132
0.220000 0.222000 1269.601330
0.222000 0.224000 1218.538183
0.224000 0.226000 1171.912008
0.226000 0.228000 1124.639962
0.228000 0.230000 1079.405952
0.230000 0.232000 1038.562113
0.232000 0.234000 995.921744
0.234000 0.236000 956.935604
0.236000 0.238000 919.582713
0.238000 0.240000 883.216889
0.240000 0.242000 849.389668
0.242000 0.244000 816.413521
0.244000 0.246000 785.089743
0.246000 0.248000 754.526084
0.248000 0.250000 725.748974
0.250000 0.252000 697.238180
0.252000 0.254000 671.523327
0.254000 0.256000 645.381486
0.256000 0.258000 620.459510
0.258000 0.260000 597.306485
0.260000 0.262000 574.048157
0.262000 0.264000 553.364153
0.264000 0.266000 531.506882
0.266000 0.268000 512.258196
0.268000 0.270000 492.585375
0.270000 0.272000 474.808415
0.272000 0.274000 457.039444
0.274000 0.276000 439.834739
0.276000 0.278000 424.087034
0.278000 0.280000 408.442978
0.280000 0.282000 393.546032
0.282000 0.284000 378.711596
0.284000 0.286000 365.064240
0.286000 0.288000 351.493834
0.288000 0.290000 338.907492
0.290000 0.292000 326.610019
0.292000 0.294000 314.774480
0.294000 0.296000 303.626935
0.296000 0.298000 292.665860
0.298000 0.300000 282.270394
0.300000 0.302000 271.979168
0.302000 0.304000 262.595758
0.304000 0.306000 253.182620
0.306000 0.308000 244.281608
0.308000 0.310000 235.206459
0.310000 0.312000 227.333997
0.312000 0.314000 219.334564
0.314000 0.316000 211.881686
0.316000 0.318000 204.678028
0.318000 0.320000 197.242862
0.320000 0.322000 190.520460
0.322000 0.324000 183.840246
0.324000 0.326000 177.394548
0.326000 0.328000 171.548529
0.328000 0.330000 165.787678
0.330000 0.332000 160.084238
0.332000 0.334000 154.530960
0.334000 0.336000 149.379739
0.336000 0.338000 144.228954
0.338000 0.340000 139.669142
0.340000 0.342000 134.976634
0.342000 0.344000 130.470394
0.344000 0.346000 126.139987
0.346000 0.348000 121.849809
0.348000 0.350000 117.864757
0.350000 0.352000 114.021817
0.352000 0.354000 110.276630
0.354000 0.356000 106.697087
0.356000 0.358000 103.146698
0.358000 0.360000 99.795349
0.360000 0.362000 96.588923
0.362000 0.364000 93.491843
0.364000 0.366000 90.546224
0.366000 0.368000 87.522929
0.368000 0.370000 84.745349
0.370000 0.372000 82.065096
0.372000 0.374000 79.431953
0.374000 0.376000 76.938133
0.376000 0.378000 74.518811
0.378000 0.380000 72.161085
0.380000 0.382000 69.922265
0.382000 0.384000 67.756958
0.384000 0.386000 65.737336
0.386000 0.388000 63.624012
0.388000 0.390000 61.668831
0.390000 0.392000 59.790136
0.392000 0.394000 57.895203
0.394000 0.396000 56.210319
0.396000 0.398000 54.470791
0.398000 0.400000 52.837346
0.400000 0.402000 51.246016
0.402000 0.404000 49.675694
0.404000 0.406000 48.165831
0.406000 0.408000 46.696208
0.408000 0.410000 45.318132
0.410000 0.412000 44.039510
0.412000 0.414000 42.726606
0.414000 0.416000 41.466969
0.416000 0.418000 40.207775
0.418000 0.420000 39.057895
0.420000 0.422000 37.913668
0.422000 0.424000 36.797694
0.424000 0.426000 35.747226
0.426000 0.428000 34.717035
0.428000 0.430000 33.704171
0.430000 0.432000 32.746069
0.432000 0.434000 31.841535
0.434000 0.436000 30.916427
0.436000 0.438000 30.064616
0.438000 0.440000 29.226808
0.440000 0.442000 28.398549
0.442000 0.444000 27.589479
0.444000 0.446000 26.799016
0.446000 0.448000 26.084506
0.448000 0.450000 25.358332
0.450000 0.452000 24.658951
0.452000 0.454000 23.989743
0.454000 0.456000 23.341237
0.456000 0.458000 22.708395
0.458000 0.460000 22.092264
0.460000 0.462000 21.492850
0.462000 0.464000 20.935908
0.464000 0.466000 20.361176
0.466000 0.468000 19.809940
0.468000 0.470000 19.292911
0.470000 0.472000 18.774667
0.472000 0.474000 18.295605
0.474000 0.476000 17.807422
0.476000 0.478000 17.355735
0.478000 0.480000 16.888194
0.480000 0.482000 16.457655
0.482000 0.484000 16.028209
0.484000 0.486000 15.636555
0.486000 0.488000 15.226968
0.488000 0.490000 14.828295
0.490000 0.492000 14.453718
0.492000 0.494000 14.078777
0.494000 0.496000 13.722725
0.496000 0.498000 13.384275
0.498000 0.500000 13.050646
0.500000 0.502000 12.726956
0.502000 0.504000 12.411229
0.504000 0.506000 12.114912
0.506000 0.508000 11.802432
0.508000 0.510000 11.533271
0.510000 0.512000 11.247001
0.512000 0.514000 10.972639
0.514000 0.516000 10.714567
0.516000 0.518000 10.445740
0.518000 0.520000 10.192990
0.520000 0.522000 9.962351
0.522000 0.524000 9.727699
0.524000 0.526000 9.488994
0.526000 0.528000 9.263791
0.528000 0.530000 9.049333
0.530000 0.532000 8.829966
0.532000 0.534000 8.623145
0.534000 0.536000 8.432513
0.536000 0.538000 8.248350
0.538000 0.540000 8.057559
0.540000 0.542000 7.869631
0.542000 0.544000 7.695961
0.544000 0.546000 7.518165
0.546000 0.548000 7.346810
0.548000 0.550000 7.181509
0.550000 0.552000 7.023228
0.552000 0.554000 6.865117
0.554000 0.556000 6.722214
0.556000 0.558000 6.575248
0.558000 0.560000 6.421279
0.560000 0.562000 6.273936
0.562000 0.564000 6.142357
0.564000 0.566000 6.012954
0.566000 0.568000 5.885852
0.568000 0.570000 5.758500
0.570000 0.572000 5.632882
0.572000 0.574000 5.524139
0.574000 0.576000 5.397892
0.576000 0.578000 5.285865
0.578000 0.580000 5.178483
0.580000 0.582000 5.069071
0.582000 0.584000 4.963168
0.584000 0.586000 4.860940
0.586000 0.588000 4.761261
0.588000 0.590000 4.665146
0.590000 0.592000 4.569583
0.592000 0.594000 4.480031
0.594000 0.596000 4.387167
0.596000 0.598000 4.299496
0.598000 0.600000 4.209348
0.600000 0.602000 4.125839
0.602000 0.604000 4.047702
0.604000 0.606000 3.971262
0.606000 0.608000 3.891396
0.608000 0.610000 3.811109
0.610000 0.612000 3.738264
0.612000 0.614000 3.669656
0.614000 0.616000 3.595485
0.616000 0.618000 3.528951
0.618000 0.620000 3.464118
0.620000 0.622000 3.394559
0.622000 0.624000 3.333256
0.624000 0.626000 3.268233
0.626000 0.628000 3.208261
0.628000 0.630000 3.149501
0.630000 0.632000 3.086769
0.632000 0.634000 3.034074
0.634000 0.636000 2.977456
0.636000 0.638000 2.922647
0.638000 0.640000 2.870770
0.640000 0.642000 2.822506
0.642000 0.644000 2.767965
0.644000 0.646000 2.719168
0.646000 0.648000 2.670112
0.648000 0.650000 2.623817
0.650000 0.652000 2.575886
0.652000 0.654000 2.530358
0.654000 0.656000 2.490324
0.656000 0.658000 2.442772
0.658000 0.660000 2.402285
0.660000 0.662000 2.360258
0.662000 0.664000 2.320158
0.664000 0.666000 2.281845
0.666000 0.668000 2.241682
0.668000 0.670000 2.206930
0.670000 0.672000 2.166654
0.672000 0.674000 2.131971
0.674000 0.676000 2.099335
0.676000 0.678000 2.063393
0.678000 0.680000 2.029880
0.680000 0.682000 1.997002
0.682000 0.684000 1.962660
0.684000 0.686000 1.931259
0.686000 0.688000 1.900737
0.688000 0.690000 1.871357
0.690000 0.692000 1.839547
0.692000 0.694000 1.811441
0.694000 0.696000 1.784206
0.696000 0.698000 1.755094
0.698000 0.700000 1.728567
0.700000 0.702000 1.699962
0.702000 0.704000 1.673702
0.704000 0.706000 1.648871
0.706000 0.708000 1.623649
0.708000 0.710000 1.598813
0.710000 0.712000 1.576117
0.712000 0.714000 1.549900
0.714000 0.716000 1.528863
0.716000 0.718000 1.506021
0.718000 0.720000 1.483924
0.720000 0.722000 1.461879
0.722000 0.724000 1.439409
0.724000 0.726000 1.417533
0.726000 0.728000 1.398546
0.728000 0.730000 1.377875
0.730000 0.732000 1.358409
0.732000 0.734000 1.340242
0.734000 0.736000 1.321118
0.736000 0.738000 1.300509
0.738000 0.740000 1.284267
0.740000 0.742000 1.265673
0.742000 0.744000 1.247394
0.744000 0.746000 1.229567
0.746000 0.748000 1.213357
0.748000 0.750000 1.196233
0.750000 0.752000 1.180548
0.752000 0.754000 1.161623
0.754000 0.756000 1.148181
0.756000 0.758000 1.133043
0.758000 0.760000 1.118113
0.760000 0.762000 1.102739
0.762000 0.764000 1.089625
0.764000 0.766000 1.073960
0.766000 0.768000 1.058692
0.768000 0.770000 1.046053
0.770000 0.772000 1.033973
0.772000 0.774000 1.019679
0.774000 0.776000 1.006007
0.776000 0.778000 0.994129
0.778000 0.780000 0.980901
0.780000 0.782000 0.969375
0.782000 0.784000 0.957606
0.784000 0.786000 0.944070
0.786000 0.788000 0.932486
0.788000 0.790000 0.920724
0.790000 0.792000 0.910078
0.792000 0.794000 0.898433
0.794000 0.796000 0.888158
0.796000 0.798000 0.877405
0.798000 0.800000 0.866260
0.800000 0.802000 0.856112
0.802000 0.804000 0.845766
0.804000 0.806000 0.836650
0.806000 0.808000 0.825848
0.808000 0.810000 0.816215
0.810000 0.812000 0.807198
0.812000 0.814000 0.797599
0.814000 0.816000 0.788182
0.816000 0.818000 0.779379
0.818000 0.820000 0.770482
0.820000 0.822000 0.761664
0.822000 0.824000 0.752488
0.824000 0.826000 0.744473
0.826000 0.828000 0.736263
0.828000 0.830000 0.727633
0.830000 0.832000 0.720589
0.832000 0.834000 0.712078
0.834000 0.836000 0.705234
0.836000 0.838000 0.696076
0.838000 0.840000 0.688630
0.840000 0.842000 0.680891
0.842000 0.844000 0.674140
0.844000 0.846000 0.667172
0.846000 0.848000 0.659923
0.848000 0.850000 0.652882
0.850000 0.852000 0.646133
0.852000 0.854000 0.639507
0.854000 0.856000 0.633377
0.856000 0.858000 0.626102
0.858000 0.860000 0.619540
0.860000 0.862000 0.612873
0.862000 0.864000 0.606881
0.864000 0.866000 0.601129
0.866000 0.868000 0.594844
0.868000 0.870000 0.588255
0.870000 0.872000 0.582923
0.872000 0.874000 0.577144
0.874000 0.876000 0.571360
0.876000 0.878000 0.565417
0.878000 0.880000 0.560145
0.880000 0.882000 0.554531
0.882000 0.884000 0.549174
0.884000 0.886000 0.544198
0.886000 0.888000 0.538472
0.888000 0.890000 0.533755
0.890000 0.892000 0.528833
0.892000 0.894000 0.523112
0.894000 0.896000 0.518883
0.896000 0.898000 0.513719
0.898000 0.900000 0.509091
0.900000 0.902000 0.503593
0.902000 0.904000 0.499486
0.904000 0.906000 0.495003
0.906000 0.908000 0.491177
0.908000 0.910000 0.486194
0.910000 0.912000 0.481444
0.912000 0.914000 0.477117
0.914000 0.916000 0.472569
0.916000 0.918000 0.468249
0.918000 0.920000 0.464980
0.920000 0.922000 0.461013
0.922000 0.924000 0.455944
0.924000 0.926000 0.452207
0.926000 0.928000 0.448551
0.928000 0.930000 0.444622
0.930000 0.932000 0.441061
0.932000 0.934000 0.436867
0.934000 0.936000 0.433402
0.936000 0.938000 0.429261
0.938000 0.940000 0.426404
0.940000 0.942000 0.421883
0.942000 0.944000 0.418904
0.944000 0.946000 0.415198
0.946000 0.948000 0.411922
0.948000 0.950000 0.408549
0.950000 0.952000 0.405268
0.952000 0.954000 0.401796
0.954000 0.956000 0.398385
0.956000 0.958000 0.395273
0.958000 0.960000 0.392023
0.960000 0.962000 0.388820
0.962000 0.964000 0.385811
0.964000 0.966000 0.382886
0.966000 0.968000 0.380120
0.968000 0.970000 0.376473
0.970000 0.972000 0.373859
0.972000 0.974000 0.370510
0.974000 0.976000 0.367693
0.976000 0.978000 0.365432
0.978000 0.980000 0.362360
0.980000 0.982000 0.359508
0.982000 0.984000 0.356882
0.984000 0.986000 0.354042
0.986000 0.988000 0.351760
0.988000 0.990000 0.348972
0.990000 0.992000 0.346026
0.992000 0.994000 0.343771
0.994000 0.996000 0.341355
0.996000 0.998000 0.338687
0.998000 1.000000 0.335946
