0.000000 0.002000 219050.028130
0.002000 0.004000 196855.001145
0.004000 0.006000 177015.868611
0.006000 0.008000 159046.285545
0.008000 0.010000 143108.414093
0.010000 0.012000 128651.185492
0.012000 0.014000 115731.280852
0.014000 0.016000 104041.600382
0.016000 0.018000 93631.700041
0.018000 0.020000 84142.383673
0.020000 0.022000 75738.609142
0.022000 0.024000 68171.701169
0.024000 0.026000 61339.271424
0.026000 0.028000 55203.834666
0.028000 0.030000 49733.165215
0.030000 0.032000 44744.814456
0.032000 0.034000 40264.169467
0.034000 0.036000 36302.748108
0.036000 0.038000 32657.585472
0.038000 0.040000 29412.459044
0.040000 0.042000 26494.763692
0.042000 0.044000 23880.627224
0.044000 0.046000 21526.876092
0.046000 0.048000 19379.817095
0.048000 0.050000 17450.643520
0.050000 0.052000 15740.970723
0.052000 0.054000 14193.334400
0.054000 0.056000 12799.691787
0.056000 0.058000 11547.530603
0.058000 0.060000 10399.585869
0.060000 0.062000 9376.740411
0.062000 0.064000 8461.206872
0.064000 0.066000 7633.977198
0.066000 0.068000 6883.461331
0.068000 0.070000 6214.461019
0.070000 0.072000 5607.967380
0.072000 0.074000 5060.492051
0.074000 0.076000 4564.385537
0.076000 0.078000 4122.754744
0.078000 0.080000 3716.873651
0.080000 0.082000 3357.480608
0.082000 0.084000 3031.713823
0.084000 0.086000 2740.484383
0.086000 0.088000 2475.330332
0.088000 0.090000 2235.485634
0.090000 0.092000 2018.511969
0.092000 0.094000 1823.850083
0.094000 0.096000 1647.652716
0.096000 0.098000 1489.442802
0.098000 0.100000 1345.160024
0.100000 0.102000 1216.544559
0.102000 0.104000 1100.066899
0.104000 0.106000 995.374639
0.106000 0.108000 899.000892
0.108000 0.110000 813.303346
0.110000 0.112000 734.349483
0.112000 0.114000 665.093265
0.114000 0.116000 601.669415
0.116000 0.118000 544.426401
0.118000 0.120000 492.263048
0.120000 0.122000 445.796645
0.122000 0.124000 403.225971
0.124000 0.126000 364.821262
0.126000 0.128000 330.345415
0.128000 0.130000 299.175298
0.130000 0.132000 270.625312
0.132000 0.134000 245.437160
0.134000 0.136000 222.146292
0.136000 0.138000 201.248744
0.138000 0.140000 182.257426
0.140000 0.142000 165.128728
0.142000 0.144000 149.669307
0.144000 0.146000 135.591947
0.146000 0.148000 122.863877
0.148000 0.150000 111.442887
0.150000 0.152000 100.922588
0.152000 0.154000 91.505064
0.154000 0.156000 82.978030
0.156000 0.158000 75.312226
0.158000 0.160000 68.219865
0.160000 0.162000 61.902302
0.162000 0.164000 56.131930
0.164000 0.166000 50.947806
0.166000 0.168000 46.249149
0.168000 0.170000 41.961504
0.170000 0.172000 38.056238
0.172000 0.174000 34.560099
0.174000 0.176000 31.353797
0.176000 0.178000 28.473957
0.178000 0.180000 25.856846
0.180000 0.182000 23.477263
0.182000 0.184000 21.325635
0.184000 0.186000 19.367170
0.186000 0.188000 17.588318
0.188000 0.190000 15.992265
0.190000 0.192000 14.512888
0.192000 0.194000 13.190089
0.194000 0.196000 11.983032
0.196000 0.198000 10.890729
0.198000 0.200000 9.902700
0.200000 0.202000 9.004818
0.202000 0.204000 8.183729
0.204000 0.206000 7.439102
0.206000 0.208000 6.769364
0.208000 0.210000 6.156935
0.210000 0.212000 5.600364
0.212000 0.214000 5.097963
0.214000 0.216000 4.632800
0.216000 0.218000 4.214165
0.218000 0.220000 3.836439
0.220000 0.222000 3.490942
0.222000 0.224000 3.178825
0.224000 0.226000 2.894194
0.226000 0.228000 2.635712
0.228000 0.230000 2.398859
0.230000 0.232000 2.186690
0.232000 0.234000 1.991510
0.234000 0.236000 1.812582
0.236000 0.238000 1.651840
0.238000 0.240000 1.504415
0.240000 0.242000 1.370780
0.242000 0.244000 1.249396
0.244000 0.246000 1.139260
0.246000 0.248000 1.037908
0.248000 0.250000 0.946275
0.250000 0.252000 0.861962
0.252000 0.254000 0.786693
0.254000 0.256000 0.717021
0.256000 0.258000 0.654204
0.258000 0.260000 0.596128
0.260000 0.262000 0.544117
0.262000 0.264000 0.496274
0.264000 0.266000 0.452837
0.266000 0.268000 0.413169
0.268000 0.270000 0.377179
0.270000 0.272000 0.344426
0.272000 0.274000 0.314330
0.274000 0.276000 0.286716
0.276000 0.278000 0.262105
0.278000 0.280000 0.239266
0.280000 0.282000 0.218522
0.282000 0.284000 0.199270
0.284000 0.286000 0.182519
0.286000 0.288000 0.166487
0.288000 0.290000 0.152230
0.290000 0.292000 0.139059
0.292000 0.294000 0.127134
0.294000 0.296000 0.116199
0.296000 0.298000 0.106184
0.298000 0.300000 0.097016
0.300000 0.302000 0.088682
0.302000 0.304000 0.081135
0.304000 0.306000 0.074135
0.306000 0.308000 0.067856
0.308000 0.310000 0.062006
0.310000 0.312000 0.056743
0.312000 0.314000 0.051869
0.314000 0.316000 0.047554
0.316000 0.318000 0.043525
0.318000 0.320000 0.039837
0.320000 0.322000 0.036449
0.322000 0.324000 0.033405
0.324000 0.326000 0.030536
0.326000 0.328000 0.027977
0.328000 0.330000 0.025619
0.330000 0.332000 0.023460
0.332000 0.334000 0.021485
0.334000 0.336000 0.019692
0.336000 0.338000 0.018030
0.338000 0.340000 0.016524
0.340000 0.342000 0.015147
0.342000 0.344000 0.013893
0.344000 0.346000 0.012725
0.346000 0.348000 0.011653
0.348000 0.350000 0.010695
0.350000 0.352000 0.009816
0.352000 0.354000 0.008991
0.354000 0.356000 0.008251
0.356000 0.358000 0.007564
0.358000 0.360000 0.006935
0.360000 0.362000 0.006362
0.362000 0.364000 0.005844
0.364000 0.366000 0.005358
0.366000 0.368000 0.004917
0.368000 0.370000 0.004514
0.370000 0.372000 0.004144
0.372000 0.374000 0.003803
0.374000 0.376000 0.003494
0.376000 0.378000 0.003210
0.378000 0.380000 0.002946
0.380000 0.382000 0.002708
0.382000 0.384000 0.002486
0.384000 0.386000 0.002284
0.386000 0.388000 0.002099
0.388000 0.390000 0.001929
0.390000 0.392000 0.001772
0.392000 0.394000 0.001628
0.394000 0.396000 0.001498
0.396000 0.398000 0.001377
0.398000 0.400000 0.001267
0.400000 0.402000 0.001163
0.402000 0.404000 0.001071
0.404000 0.406000 0.000984
0.406000 0.408000 0.000904
0.408000 0.410000 0.000833
0.410000 0.412000 0.000766
0.412000 0.414000 0.000705
0.414000 0.416000 0.000649
0.416000 0.418000 0.000596
0.418000 0.420000 0.000550
0.420000 0.422000 0.000506
0.422000 0.424000 0.000465
0.424000 0.426000 0.000429
0.426000 0.428000 0.000395
0.428000 0.430000 0.000364
0.430000 0.432000 0.000335
0.432000 0.434000 0.000309
0.434000 0.436000 0.000284
0.436000 0.438000 0.000262
0.438000 0.440000 0.000242
0.440000 0.442000 0.000223
0.442000 0.444000 0.000205
0.444000 0.446000 0.000189
0.446000 0.448000 0.000174
0.448000 0.450000 0.000161
0.450000 0.452000 0.000148
0.452000 0.454000 0.000137
0.454000 0.456000 0.000126
0.456000 0.458000 0.000116
0.458000 0.460000 0.000107
0.460000 0.462000 0.000099
0.462000 0.464000 0.000092
0.464000 0.466000 0.000084
0.466000 0.468000 0.000078
0.468000 0.470000 0.000072
0.470000 0.472000 0.000066
0.472000 0.474000 0.000061
0.474000 0.476000 0.000057
0.476000 0.478000 0.000052
0.478000 0.480000 0.000048
0.480000 0.482000 0.000045
0.482000 0.484000 0.000041
0.484000 0.486000 0.000038
0.486000 0.488000 0.000035
0.488000 0.490000 0.000032
0.490000 0.492000 0.000030
0.492000 0.494000 0.000028
0.494000 0.496000 0.000026
0.496000 0.498000 0.000024
0.498000 0.500000 0.000022
0.500000 0.502000 0.000020
0.502000 0.504000 0.000019
0.504000 0.506000 0.000017
0.506000 0.508000 0.000016
0.508000 0.510000 0.000015
0.510000 0.512000 0.000014
0.512000 0.514000 0.000013
0.514000 0.516000 0.000012
0.516000 0.518000 0.000011
0.518000 0.520000 0.000010
0.520000 0.522000 0.000009
0.522000 0.524000 0.000009
0.524000 0.526000 0.000008
0.526000 0.528000 0.000007
0.528000 0.530000 0.000007
0.530000 0.532000 0.000006
0.532000 0.534000 0.000006
0.534000 0.536000 0.000005
0.536000 0.538000 0.000005
0.538000 0.540000 0.000005
0.540000 0.542000 0.000004
0.542000 0.544000 0.000004
0.544000 0.546000 0.000004
0.546000 0.548000 0.000003
0.548000 0.550000 0.000003
0.550000 0.552000 0.000003
0.552000 0.554000 0.000003
0.554000 0.556000 0.000003
0.556000 0.558000 0.000002
0.558000 0.560000 0.000002
0.560000 0.562000 0.000002
0.562000 0.564000 0.000002
0.564000 0.566000 0.000002
0.566000 0.568000 0.000002
0.568000 0.570000 0.000002
0.570000 0.572000 0.000001
0.572000 0.574000 0.000001
0.574000 0.576000 0.000001
0.576000 0.578000 0.000001
0.578000 0.580000 0.000001
0.580000 0.582000 0.000001
0.582000 0.584000 0.000001
0.584000 0.586000 0.000001
0.586000 0.588000 0.000001
0.588000 0.590000 0.000001
0.590000 0.592000 0.000001
0.592000 0.594000 0.000001
0.594000 0.596000 0.000001
0.596000 0.598000 0.000001
0.598000 0.600000 0.000001
0.600000 0.602000 0.000000
0.602000 0.604000 0.000000
0.604000 0.606000 0.000000
0.606000 0.608000 0.000000
0.608000 0.610000 0.000000
0.610000 0.612000 0.000000
0.612000 0.614000 0.000000
0.614000 0.616000 0.000000
0.616000 0.618000 0.000000
0.618000 0.620000 0.000000
0.620000 0.622000 0.000000
0.622000 0.624000 0.000000
0.624000 0.626000 0.000000
0.626000 0.628000 0.000000
0.628000 0.630000 0.000000
0.630000 0.632000 0.000000
0.632000 0.634000 0.000000
0.634000 0.636000 0.000000
0.636000 0.638000 0.000000
0.638000 0.640000 0.000000
0.640000 0.642000 0.000000
0.642000 0.644000 0.000000
0.644000 0.646000 0.000000
0.646000 0.648000 0.000000
0.648000 0.650000 0.000000
0.650000 0.652000 0.000000
0.652000 0.654000 0.000000
0.654000 0.656000 0.000000
0.656000 0.658000 0.000000
0.658000 0.660000 0.000000
0.660000 0.662000 0.000000
0.662000 0.664000 0.000000
0.664000 0.666000 0.000000
0.666000 0.668000 0.000000
0.668000 0.670000 0.000000
0.670000 0.672000 0.000000
0.672000 0.674000 0.000000
0.674000 0.676000 0.000000
0.676000 0.678000 0.000000
0.678000 0.680000 0.000000
0.680000 0.682000 0.000000
0.682000 0.684000 0.000000
0.684000 0.686000 0.000000
0.686000 0.688000 0.000000
0.688000 0.690000 0.000000
0.690000 0.692000 0.000000
0.692000 0.694000 0.000000
0.694000 0.696000 0.000000
0.696000 0.698000 0.000000
0.698000 0.700000 0.000000
0.700000 0.702000 0.000000
0.702000 0.704000 0.000000
0.704000 0.706000 0.000000
0.706000 0.708000 0.000000
0.708000 0.710000 0.000000
0.710000 0.712000 0.000000
0.712000 0.714000 0.000000
0.714000 0.716000 0.000000
0.716000 0.718000 0.000000
0.718000 0.720000 0.000000
0.720000 0.722000 0.000000
0.722000 0.724000 0.000000
0.724000 0.726000 0.000000
0.726000 0.728000 0.000000
0.728000 0.730000 0.000000
0.730000 0.732000 0.000000
0.732000 0.734000 0.000000
0.734000 0.736000 0.000000
0.736000 0.738000 0.000000
0.738000 0.740000 0.000000
0.740000 0.742000 0.000000
0.742000 0.744000 0.000000
0.744000 0.746000 0.000000
0.746000 0.748000 0.000000
0.748000 0.750000 0.000000
0.750000 0.752000 0.000000
0.752000 0.754000 0.000000
0.754000 0.756000 0.000000
0.756000 0.758000 0.000000
0.758000 0.760000 0.000000
0.760000 0.762000 0.000000
0.762000 0.764000 0.000000
0.764000 0.766000 0.000000
0.766000 0.768000 0.000000
0.768000 0.770000 0.000000
0.770000 0.772000 0.000000
0.772000 0.774000 0.000000
0.774000 0.776000 0.000000
0.776000 0.778000 0.000000
0.778000 0.780000 0.000000
0.780000 0.782000 0.000000
0.782000 0.784000 0.000000
0.784000 0.786000 0.000000
0.786000 0.788000 0.000000
0.788000 0.790000 0.000000
0.790000 0.792000 0.000000
0.792000 0.794000 0.000000
0.794000 0.796000 0.000000
0.796000 0.798000 0.000000
0.798000 0.800000 0.000000
0.800000 0.802000 0.000000
0.802000 0.804000 0.000000
0.804000 0.806000 0.000000
0.806000 0.808000 0.000000
0.808000 0.810000 0.000000
0.810000 0.812000 0.000000
0.812000 0.814000 0.000000
0.814000 0.816000 0.000000
0.816000 0.818000 0.000000
0.818000 0.820000 0.000000
0.820000 0.822000 0.000000
0.822000 0.824000 0.000000
0.824000 0.826000 0.000000
0.826000 0.828000 0.000000
0.828000 0.830000 0.000000
0.830000 0.832000 0.000000
0.832000 0.834000 0.000000
0.834000 0.836000 0.000000
0.836000 0.838000 0.000000
0.838000 0.840000 0.000000
0.840000 0.842000 0.000000
0.842000 0.844000 0.000000
0.844000 0.846000 0.000000
0.846000 0.848000 0.000000
0.848000 0.850000 0.000000
0.850000 0.852000 0.000000
0.852000 0.854000 0.000000
0.854000 0.856000 0.000000
0.856000 0.858000 0.000000
0.858000 0.860000 0.000000
0.860000 0.862000 0.000000
0.862000 0.864000 0.000000
0.864000 0.866000 0.000000
0.866000 0.868000 0.000000
0.868000 0.870000 0.000000
0.870000 0.872000 0.000000
0.872000 0.874000 0.000000
0.874000 0.876000 0.000000
0.876000 0.878000 0.000000
0.878000 0.880000 0.000000
0.880000 0.882000 0.000000
0.882000 0.884000 0.000000
0.884000 0.886000 0.000000
0.886000 0.888000 0.000000
0.888000 0.890000 0.000000
0.890000 0.892000 0.000000
0.892000 0.894000 0.000000
0.894000 0.896000 0.000000
0.896000 0.898000 0.000000
0.898000 0.900000 0.000000
0.900000 0.902000 0.000000
0.902000 0.904000 0.000000
0.904000 0.906000 0.000000
0.906000 0.908000 0.000000
0.908000 0.910000 0.000000
0.910000 0.912000 0.000000
0.912000 0.914000 0.000000
0.914000 0.916000 0.000000
0.916000 0.918000 0.000000
0.918000 0.920000 0.000000
0.920000 0.922000 0.000000
0.922000 0.924000 0.000000
0.924000 0.926000 0.000000
0.926000 0.928000 0.000000
0.928000 0.930000 0.000000
0.930000 0.932000 0.000000
0.932000 0.934000 0.000000
0.934000 0.936000 0.000000
0.936000 0.938000 0.000000
0.938000 0.940000 0.000000
0.940000 0.942000 0.000000
0.942000 0.944000 0.000000
0.944000 0.946000 0.000000
0.946000 0.948000 0.000000
0.948000 0.950000 0.000000
0.950000 0.952000 0.000000
0.952000 0.954000 0.000000
0.954000 0.956000 0.000000
0.956000 0.958000 0.000000
0.958000 0.960000 0.000000
0.960000 0.962000 0.000000
0.962000 0.964000 0.000000
0.964000 0.966000 0.000000
0.966000 0.968000 0.000000
0.968000 0.970000 0.000000
0.970000 0.972000 0.000000
0.972000 0.974000 0.000000
0.974000 0.976000 0.000000
0.976000 0.978000 0.000000
0.978000 0.980000 0.000000
0.980000 0.982000 0.000000
0.982000 0.984000 0.000000
0.984000 0.986000 0.000000
0.986000 0.988000 0.000000
0.988000 0.990000 0.000000
0.990000 0.992000 0.000000
0.992000 0.994000 0.000000
0.994000 0.996000 0.000000
0.996000 0.998000 0.000000
0.998000 1.000000 0.000000
