0.000000 0.002000 159106463126496444416.000000
0.002000 0.004000 161958435671306240000.000000
0.004000 0.006000 164169121393917362176.000000
0.006000 0.008000 165536027847265320960.000000
0.008000 0.010000 166494480437538127872.000000
0.010000 0.012000 166847903521987133440.000000
0.012000 0.014000 166662100963689791488.000000
0.014000 0.016000 166074350104218730496.000000
0.016000 0.018000 165107400357467291648.000000
0.018000 0.020000 163719942363085766656.000000
0.020000 0.022000 162089385524058783744.000000
0.022000 0.024000 160107709781620719616.000000
0.024000 0.026000 158137077387480203264.000000
0.026000 0.028000 155789066826187767808.000000
0.028000 0.030000 153313983516212494336.000000
0.030000 0.032000 150547044301723172864.000000
0.032000 0.034000 147651480802222014464.000000
0.034000 0.036000 144681023022616559616.000000
0.036000 0.038000 141822587968707641344.000000
0.038000 0.040000 138701974009426001920.000000
0.040000 0.042000 135460062234419675136.000000
0.042000 0.044000 132307042421427765248.000000
0.044000 0.046000 128968188784028483584.000000
0.046000 0.048000 125768241971398475776.000000
0.048000 0.050000 122600239187638337536.000000
0.050000 0.052000 119325716688456777728.000000
0.052000 0.054000 116093523612897329152.000000
0.054000 0.056000 112916168543109578752.000000
0.056000 0.058000 109682607147832033280.000000
0.058000 0.060000 106501631876246896640.000000
0.060000 0.062000 103359621585991319552.000000
0.062000 0.064000 100267912238221787136.000000
0.064000 0.066000 97233643482446266368.000000
0.066000 0.068000 94316223417595199488.000000
0.068000 0.070000 91296312907098800128.000000
0.070000 0.072000 88508044548079927296.000000
0.072000 0.074000 85657452277657649152.000000
0.074000 0.076000 82912477717298987008.000000
0.076000 0.078000 80163654087194345472.000000
0.078000 0.080000 77546569151008112640.000000
0.080000 0.082000 74890960351756173312.000000
0.082000 0.084000 72334298810668326912.000000
0.084000 0.086000 69979939776388808704.000000
0.086000 0.088000 67470616963660611584.000000
0.088000 0.090000 65298280842582147072.000000
0.090000 0.092000 62997627210031120384.000000
0.092000 0.094000 60768772179396173824.000000
0.094000 0.096000 58627780941240852480.000000
0.096000 0.098000 56555936066275827712.000000
0.098000 0.100000 54479442556526149632.000000
0.100000 0.102000 52540384227660546048.000000
0.102000 0.104000 50658271305769943040.000000
0.104000 0.106000 48816991495645970432.000000
0.106000 0.108000 46983989185800486912.000000
0.108000 0.110000 45297571853762076672.000000
0.110000 0.112000 43607586955442298880.000000
0.112000 0.114000 41984392974156783616.000000
0.114000 0.116000 40444214843570937856.000000
0.116000 0.118000 38879595414100942848.000000
0.118000 0.120000 37455412626731122688.000000
0.120000 0.122000 36027902748017860608.000000
0.122000 0.124000 34693712570377601024.000000
0.124000 0.126000 33342316715688882176.000000
0.126000 0.128000 32097343463083044864.000000
0.128000 0.130000 30839426188203520000.000000
0.130000 0.132000 29660211202316308480.000000
0.132000 0.134000 28530462537234141184.000000
0.134000 0.136000 27427990499425136640.000000
0.136000 0.138000 26349107884003401728.000000
0.138000 0.140000 25296293691822809088.000000
0.140000 0.142000 24280125992775753728.000000
0.142000 0.144000 23407022069884338176.000000
0.144000 0.146000 22436324962625380352.000000
0.146000 0.148000 21566705985656520704.000000
0.148000 0.150000 20721827517294399488.000000
0.150000 0.152000 19896572142783070208.000000
0.152000 0.154000 19105549457558581248.000000
0.154000 0.156000 18336797213229367296.000000
0.156000 0.158000 17604426645144014848.000000
0.158000 0.160000 16925134921045237760.000000
0.160000 0.162000 16231904361850890240.000000
0.162000 0.164000 15574197862792882176.000000
0.164000 0.166000 14957163701994254336.000000
0.166000 0.168000 14350414767529951232.000000
0.168000 0.170000 13754204394366058496.000000
0.170000 0.172000 13228407238028763136.000000
0.172000 0.174000 12668518639653478400.000000
0.174000 0.176000 12170788255484710912.000000
0.176000 0.178000 11675303477922463744.000000
0.178000 0.180000 11191521464242880512.000000
0.180000 0.182000 10747570078238713856.000000
0.182000 0.184000 10288388620667396096.000000
0.184000 0.186000 9877490725772472320.000000
0.186000 0.188000 9465075142724773888.000000
0.188000 0.190000 9092315027633534976.000000
0.190000 0.192000 8709227921845928960.000000
0.192000 0.194000 8353438183037411328.000000
0.194000 0.196000 8012908615774132224.000000
0.196000 0.198000 7671327560073935872.000000
0.198000 0.200000 7360378870095115264.000000
0.200000 0.202000 7055147515397004288.000000
0.202000 0.204000 6764035236477838336.000000
0.204000 0.206000 6478560229590763520.000000
0.206000 0.208000 6214378403385683968.000000
0.208000 0.210000 5958287057882561536.000000
0.210000 0.212000 5711444963507821568.000000
0.212000 0.214000 5474350595538825216.000000
0.214000 0.216000 5240733615610643456.000000
0.216000 0.218000 5022696578845668352.000000
0.218000 0.220000 4812264879161007104.000000
0.220000 0.222000 4612087543238866944.000000
0.222000 0.224000 4419256555136822784.000000
0.224000 0.226000 4234640461758838272.000000
0.226000 0.228000 4057796129599178752.000000
0.228000 0.230000 3889058006888147456.000000
0.230000 0.232000 3728174893320639488.000000
0.232000 0.234000 3570738551666144256.000000
0.234000 0.236000 3418710661576664576.000000
0.236000 0.238000 3272386833581860352.000000
0.238000 0.240000 3134439898834412032.000000
0.240000 0.242000 3003557564844101120.000000
0.242000 0.244000 2878002163998109184.000000
0.244000 0.246000 2759581033476480000.000000
0.246000 0.248000 2642516148307126272.000000
0.248000 0.250000 2529424977232368640.000000
0.250000 0.252000 2421915077884434944.000000
0.252000 0.254000 2321167505698610688.000000
0.254000 0.256000 2221924662099257344.000000
0.256000 0.258000 2127997499139189504.000000
0.258000 0.260000 2039924938826008320.000000
0.260000 0.262000 1951426895902454272.000000
0.262000 0.264000 1871216491675410944.000000
0.264000 0.266000 1788528186788159744.000000
0.266000 0.268000 1714864525982539520.000000
0.268000 0.270000 1640145751964001792.000000
0.270000 0.272000 1571928279626063360.000000
0.272000 0.274000 1505190340968305920.000000
0.274000 0.276000 1440604227635921152.000000
0.276000 0.278000 1380787023517511936.000000
0.278000 0.280000 1321132810730541056.000000
0.280000 0.282000 1266021415233338624.000000
0.282000 0.284000 1211496279513137152.000000
0.284000 0.286000 1160348472161998848.000000
0.286000 0.288000 1110542774753942400.000000
0.288000 0.290000 1064034599103263360.000000
0.290000 0.292000 1018564851616740864.000000
0.292000 0.294000 974956575639801600.000000
0.294000 0.296000 933064075477850752.000000
0.296000 0.298000 893747579784217088.000000
0.298000 0.300000 856120109359391488.000000
0.300000 0.302000 818846682508330880.000000
0.302000 0.304000 785040164755132416.000000
0.304000 0.306000 750606540019192448.000000
0.306000 0.308000 718898700982727808.000000
0.308000 0.310000 687715209644754432.000000
0.310000 0.312000 659535122811000320.000000
0.312000 0.314000 630736476847539456.000000
0.314000 0.316000 604358949411539840.000000
0.316000 0.318000 578906529760316800.000000
0.318000 0.320000 553526047036129280.000000
0.320000 0.322000 529530788212695488.000000
0.322000 0.324000 506885414209415104.000000
0.324000 0.326000 485311489437067072.000000
0.326000 0.328000 465032661875892992.000000
0.328000 0.330000 445025356724931776.000000
0.330000 0.332000 426044003301236800.000000
0.332000 0.334000 407950743233291456.000000
0.334000 0.336000 390556106315551808.000000
0.336000 0.338000 373977800670834880.000000
0.338000 0.340000 358312832546039168.000000
0.340000 0.342000 342798593378193152.000000
0.342000 0.344000 327864170428810176.000000
0.344000 0.346000 314244482212185472.000000
0.346000 0.348000 300356831244549248.000000
0.348000 0.350000 287716191837894112.000000
0.350000 0.352000 275431254999155072.000000
0.352000 0.354000 263795042896709248.000000
0.354000 0.356000 252573776659337280.000000
0.356000 0.358000 241525158269233472.000000
0.358000 0.360000 231434145208296320.000000
0.360000 0.362000 221130429763654976.000000
0.362000 0.364000 211970897767943872.000000
0.364000 0.366000 202904242181570368.000000
0.366000 0.368000 194087944180808640.000000
0.368000 0.370000 185939751877435040.000000
0.370000 0.372000 178085530094563104.000000
0.372000 0.374000 170450599140483008.000000
0.374000 0.376000 163208005665456000.000000
0.376000 0.378000 156226237259133984.000000
0.378000 0.380000 149420177698503584.000000
0.380000 0.382000 143219445894536672.000000
0.382000 0.384000 137090787463440160.000000
0.384000 0.386000 131362105364806368.000000
0.386000 0.388000 125661833867900000.000000
0.388000 0.390000 120188850975300528.000000
0.390000 0.392000 115170529022429664.000000
0.392000 0.394000 110179283961334912.000000
0.394000 0.396000 105565122434772480.000000
0.396000 0.398000 100962980468928768.000000
0.398000 0.400000 96716646556544384.000000
0.400000 0.402000 92612757704478000.000000
0.402000 0.404000 88554075441155520.000000
0.404000 0.406000 84827576007606544.000000
0.406000 0.408000 81194225854817120.000000
0.408000 0.410000 77784504455743184.000000
0.410000 0.412000 74510551167284160.000000
0.412000 0.414000 71295109393139832.000000
0.414000 0.416000 68276950869427224.000000
0.416000 0.418000 65376356354548400.000000
0.418000 0.420000 62564648493914344.000000
0.420000 0.422000 59910617044779360.000000
0.422000 0.424000 57352912129273168.000000
0.424000 0.426000 54961916633507304.000000
0.426000 0.428000 52559215754468768.000000
0.428000 0.430000 50324128678291824.000000
0.430000 0.432000 48160388564008536.000000
0.432000 0.434000 46185799018839592.000000
0.434000 0.436000 44172593042892680.000000
0.436000 0.438000 42318099056249400.000000
0.438000 0.440000 40575634543638048.000000
0.440000 0.442000 38800929196347704.000000
0.442000 0.444000 37122460258287536.000000
0.444000 0.446000 35574550670117748.000000
0.446000 0.448000 34060723666238624.000000
0.448000 0.450000 32634573004233480.000000
0.450000 0.452000 31253668186905764.000000
0.452000 0.454000 29925294800852748.000000
0.454000 0.456000 28648302100522728.000000
0.456000 0.458000 27436550440507576.000000
0.458000 0.460000 26253435969607332.000000
0.460000 0.462000 25147985871872264.000000
0.462000 0.464000 24097868134218036.000000
0.464000 0.466000 23065631882109280.000000
0.466000 0.468000 22095990891960836.000000
0.468000 0.470000 21152864458792512.000000
0.470000 0.472000 20261604266698912.000000
0.472000 0.474000 19412879360597748.000000
0.474000 0.476000 18582965481630444.000000
0.476000 0.478000 17814722148911268.000000
0.478000 0.480000 17034743560026780.000000
0.480000 0.482000 16332150521547822.000000
0.482000 0.484000 15651365240472556.000000
0.484000 0.486000 14993142392199038.000000
0.486000 0.488000 14366151144934780.000000
0.488000 0.490000 13749761838979154.000000
0.490000 0.492000 13167338901870148.000000
0.492000 0.494000 12602059134653472.000000
0.494000 0.496000 12076820183977852.000000
0.496000 0.498000 11557364429865158.000000
0.498000 0.500000 11075949313358428.000000
0.500000 0.502000 10612942603773178.000000
0.502000 0.504000 10163634813197114.000000
0.504000 0.506000 9740645176215894.000000
0.506000 0.508000 9327057475973626.000000
0.508000 0.510000 8942167527086343.000000
0.510000 0.512000 8565237633930036.000000
0.512000 0.514000 8199405587605196.000000
0.514000 0.516000 7857618872686434.000000
0.516000 0.518000 7518924973392394.000000
0.518000 0.520000 7207437399620634.000000
0.520000 0.522000 6907747553506429.000000
0.522000 0.524000 6619705698449659.000000
0.524000 0.526000 6339891678808012.000000
0.526000 0.528000 6069520517341553.000000
0.528000 0.530000 5822066182591067.000000
0.530000 0.532000 5574098851191233.000000
0.532000 0.534000 5337826297872190.000000
0.534000 0.536000 5118093298619423.000000
0.536000 0.538000 4905152873570177.000000
0.538000 0.540000 4702558879136053.000000
0.540000 0.542000 4501316027246331.500000
0.542000 0.544000 4316722237141432.500000
0.544000 0.546000 4133033463116830.500000
0.546000 0.548000 3961243156227896.000000
0.548000 0.550000 3794423079503418.500000
0.550000 0.552000 3633257996920856.500000
0.552000 0.554000 3484104190209574.500000
0.554000 0.556000 3341091305139625.000000
0.556000 0.558000 3200264108036845.500000
0.558000 0.560000 3066950960419107.000000
0.560000 0.562000 2936588564937170.500000
0.562000 0.564000 2815026790258989.500000
0.564000 0.566000 2697867355139474.000000
0.566000 0.568000 2584543277518310.500000
0.568000 0.570000 2476805410052571.000000
0.570000 0.572000 2373646451224373.000000
0.572000 0.574000 2278806711983493.000000
0.574000 0.576000 2182831844055130.000000
0.576000 0.578000 2091617955569337.500000
0.578000 0.580000 2005358427553407.500000
0.580000 0.582000 1920755908580183.250000
0.582000 0.584000 1841844478486902.750000
0.584000 0.586000 1765971509652783.000000
0.586000 0.588000 1692624856725188.000000
0.588000 0.590000 1622730535557970.000000
0.590000 0.592000 1555972177499931.500000
0.592000 0.594000 1491252746153084.750000
0.594000 0.596000 1427613546319960.000000
0.596000 0.598000 1369183683967402.750000
0.598000 0.600000 1311347158355803.000000
0.600000 0.602000 1256632273160429.000000
0.602000 0.604000 1207161415721090.250000
0.604000 0.606000 1156055262901883.000000
0.606000 0.608000 1109148911945165.000000
0.608000 0.610000 1063197989610456.500000
0.610000 0.612000 1018952650986938.875000
0.612000 0.614000 977717163313770.500000
0.614000 0.616000 936298549289958.000000
0.616000 0.618000 898351725186012.750000
0.618000 0.620000 861405995547990.875000
0.620000 0.622000 825132130415968.500000
0.622000 0.624000 791841034495653.875000
0.624000 0.626000 759286318325063.875000
0.626000 0.628000 728315814767019.125000
0.628000 0.630000 698094303160807.625000
0.630000 0.632000 669729704849667.375000
0.632000 0.634000 641870559595057.125000
0.634000 0.636000 615668349661172.500000
0.636000 0.638000 590212042384277.875000
0.638000 0.640000 566056728689221.000000
0.640000 0.642000 543022833795979.562500
0.642000 0.644000 520426893295442.812500
0.644000 0.646000 499213395185990.687500
0.646000 0.648000 478550337222414.375000
0.648000 0.650000 458959471876844.062500
0.650000 0.652000 440568037452359.125000
0.652000 0.654000 422249343681982.000000
0.654000 0.656000 405315699978966.125000
0.656000 0.658000 388297431903697.312500
0.658000 0.660000 372653878095520.062500
0.660000 0.662000 357615167661038.625000
0.662000 0.664000 342936386328367.250000
0.664000 0.666000 329285357283806.687500
0.666000 0.668000 315254633851053.125000
0.668000 0.670000 302743750459807.437500
0.670000 0.672000 290285419656407.312500
0.672000 0.674000 278433229594153.531250
0.674000 0.676000 267362460502267.343750
0.676000 0.678000 256324487175796.812500
0.678000 0.680000 246256356118158.875000
0.680000 0.682000 236085565870031.906250
0.682000 0.684000 226386447998629.343750
0.684000 0.686000 217069888340104.406250
0.686000 0.688000 208634008698818.187500
0.688000 0.690000 199840435488289.718750
0.690000 0.692000 191819612718390.687500
0.692000 0.694000 184038040948801.562500
0.694000 0.696000 176652201644850.000000
0.696000 0.698000 169573935630326.531250
0.698000 0.700000 162697197710976.187500
0.700000 0.702000 156035556382569.625000
0.702000 0.704000 149565387716997.125000
0.704000 0.706000 143748522073456.625000
0.706000 0.708000 137912377028098.609375
0.708000 0.710000 132279670266814.093750
0.710000 0.712000 127059458152849.343750
0.712000 0.714000 121799789651787.890625
0.714000 0.716000 117017117732356.250000
0.716000 0.718000 112235681944455.750000
0.718000 0.720000 107698732521219.968750
0.720000 0.722000 103567558092750.875000
0.722000 0.724000 99282476697022.171875
0.724000 0.726000 95232864315945.203125
0.726000 0.728000 91425382895118.531250
0.728000 0.730000 87710193578081.546875
0.730000 0.732000 84250512890651.296875
0.732000 0.734000 80928760582431.953125
0.734000 0.736000 77686299927797.765625
0.736000 0.738000 74486807417269.390625
0.738000 0.740000 71550854980790.281250
0.740000 0.742000 68716046060431.687500
0.742000 0.744000 65950333706319.296875
0.744000 0.746000 63251609680495.929688
0.746000 0.748000 60777177403558.804688
0.748000 0.750000 58317221539978.453125
0.750000 0.752000 56033019482853.703125
0.752000 0.754000 53714496217075.359375
0.754000 0.756000 51592755786953.601562
0.756000 0.758000 49547198624946.351562
0.758000 0.760000 47582191438341.507812
0.760000 0.762000 45674094832310.562500
0.762000 0.764000 43876092624004.054688
0.764000 0.766000 42109804986978.570312
0.766000 0.768000 40402110937656.835938
0.768000 0.770000 38839106909210.507812
0.770000 0.772000 37320074446094.554688
0.772000 0.774000 35792353404437.625000
0.774000 0.776000 34378830886284.675781
0.776000 0.778000 33032042194315.746094
0.778000 0.780000 31716596822245.445312
0.780000 0.782000 30483542197356.324219
0.782000 0.784000 29281101740122.324219
0.784000 0.786000 28112563591323.628906
0.786000 0.788000 26977622682320.496094
0.788000 0.790000 25905939239993.550781
0.790000 0.792000 24916896999405.660156
0.792000 0.794000 23902804328719.101562
0.794000 0.796000 22992377246711.648438
0.796000 0.798000 22059542459183.539062
0.798000 0.800000 21198665017764.937500
0.800000 0.802000 20359437571051.593750
0.802000 0.804000 19573176862384.933594
0.804000 0.806000 18801460190500.085938
0.806000 0.808000 18060270264213.937500
0.808000 0.810000 17329844841876.486328
0.810000 0.812000 16663830680996.314453
0.812000 0.814000 16021044497752.302734
0.814000 0.816000 15380716024418.349609
0.816000 0.818000 14780041589254.355469
0.818000 0.820000 14196562592138.269531
0.820000 0.822000 13649854067484.093750
0.822000 0.824000 13107762967759.283203
0.824000 0.826000 12588795466435.244141
0.826000 0.828000 12099860729731.339844
0.828000 0.830000 11622925367587.722656
0.830000 0.832000 11183768807516.447266
0.832000 0.834000 10742231505886.974609
0.834000 0.836000 10329150058894.142578
0.836000 0.838000 9913378710538.830078
0.838000 0.840000 9530125927323.597656
0.840000 0.842000 9155806819083.732422
0.842000 0.844000 8798676744283.234375
0.844000 0.846000 8460035687798.196289
0.846000 0.848000 8135928641245.487305
0.848000 0.850000 7812585969444.694336
0.850000 0.852000 7508375949905.219727
0.852000 0.854000 7220463875911.024414
0.854000 0.856000 6942742870171.842773
0.856000 0.858000 6675587136702.888672
0.858000 0.860000 6410656419114.337891
0.860000 0.862000 6162347319527.306641
0.862000 0.864000 5928779668119.639648
0.864000 0.866000 5696039123716.994141
0.866000 0.868000 5472580903809.534180
0.868000 0.870000 5263316927450.062500
0.870000 0.872000 5059718832480.594727
0.872000 0.874000 4863077330489.357422
0.874000 0.876000 4675320728012.159180
0.876000 0.878000 4493810004619.826172
0.878000 0.880000 4322384232570.352051
0.880000 0.882000 4159443398427.904297
0.882000 0.884000 3995192354721.675781
0.884000 0.886000 3840667365972.610352
0.886000 0.888000 3695993891116.405273
0.888000 0.890000 3550995527970.683105
0.890000 0.892000 3418276758706.994141
0.892000 0.894000 3284094283409.578125
0.894000 0.896000 3160519047839.254883
0.896000 0.898000 3037789085744.558594
0.898000 0.900000 2923119634430.569824
0.900000 0.902000 2806907903679.685547
0.902000 0.904000 2701655513515.991211
0.904000 0.906000 2598664505876.544922
0.906000 0.908000 2502705957425.927246
0.908000 0.910000 2401435016308.403809
0.910000 0.912000 2310910004756.983887
0.912000 0.914000 2223595212660.794434
0.914000 0.916000 2138383419847.418945
0.916000 0.918000 2056513630090.909424
0.918000 0.920000 1981546487553.319580
0.920000 0.922000 1905228325450.227295
0.922000 0.924000 1830017043579.117188
0.924000 0.926000 1762112030256.931152
0.926000 0.928000 1695573225881.406494
0.928000 0.930000 1630276583059.590820
0.930000 0.932000 1568305072972.669434
0.932000 0.934000 1509179744495.277344
0.934000 0.936000 1451959053034.994141
0.936000 0.938000 1396707502817.769287
0.938000 0.940000 1344172176050.097900
0.940000 0.942000 1292727468783.036621
0.942000 0.944000 1243438954912.072998
0.944000 0.946000 1196871469041.664062
0.946000 0.948000 1151261582501.534912
0.948000 0.950000 1108590853597.024170
0.950000 0.952000 1066333708738.396118
0.952000 0.954000 1026462802525.625854
0.954000 0.956000 986520474688.198730
0.956000 0.958000 950523797715.155884
0.958000 0.960000 913954585418.076538
0.960000 0.962000 880228185766.721558
0.962000 0.964000 847128406117.222534
0.964000 0.966000 815467734037.479248
0.966000 0.968000 785129254352.773560
0.968000 0.970000 755252710133.156128
0.970000 0.972000 727055141860.483032
0.972000 0.974000 699367191870.539795
0.974000 0.976000 673357205590.027710
0.976000 0.978000 648577151961.132812
0.978000 0.980000 623699491239.057617
0.980000 0.982000 600886327613.194580
0.982000 0.984000 578230682693.808472
0.984000 0.986000 556557105780.474731
0.986000 0.988000 535769642949.635559
0.988000 0.990000 516130591014.002808
0.990000 0.992000 496687058554.804810
0.992000 0.994000 478227552942.677856
0.994000 0.996000 460297594844.734009
0.996000 0.998000 443649732542.444763
0.998000 1.000000 426554355298.766541
