0.000000 0.002000 166459.276818
0.002000 0.004000 153633.370751
0.004000 0.006000 141876.334597
0.006000 0.008000 130902.061591
0.008000 0.010000 120944.798930
0.010000 0.012000 111640.760098
0.012000 0.014000 103107.069341
0.014000 0.016000 95160.479326
0.016000 0.018000 87922.044246
0.018000 0.020000 81140.534693
0.020000 0.022000 74955.510184
0.022000 0.024000 69260.099455
0.024000 0.026000 63932.337001
0.026000 0.028000 59117.535452
0.028000 0.030000 54618.688234
0.030000 0.032000 50445.571645
0.032000 0.034000 46617.769958
0.034000 0.036000 43105.475394
0.036000 0.038000 39787.266856
0.038000 0.040000 36778.026023
0.040000 0.042000 33977.179949
0.042000 0.044000 31415.441979
0.044000 0.046000 29068.058693
0.046000 0.048000 26855.150717
0.048000 0.050000 24793.465126
0.050000 0.052000 22934.188677
0.052000 0.054000 21213.721960
0.054000 0.056000 19618.802192
0.056000 0.058000 18159.894191
0.058000 0.060000 16778.278489
0.060000 0.062000 15508.406564
0.062000 0.064000 14348.742213
0.064000 0.066000 13274.845037
0.066000 0.068000 12273.120434
0.068000 0.070000 11359.320470
0.070000 0.072000 10511.039373
0.072000 0.074000 9721.952002
0.074000 0.076000 8990.798454
0.076000 0.078000 8324.056790
0.078000 0.080000 7694.353454
0.080000 0.082000 7125.686118
0.082000 0.084000 6596.751222
0.084000 0.086000 6108.166595
0.086000 0.088000 5654.041419
0.088000 0.090000 5233.753939
0.090000 0.092000 4842.357950
0.092000 0.094000 4482.365719
0.094000 0.096000 4148.694062
0.096000 0.098000 3843.330273
0.098000 0.100000 3553.906284
0.100000 0.102000 3295.242063
0.102000 0.104000 3051.573626
0.104000 0.106000 2828.593046
0.106000 0.108000 2616.465023
0.108000 0.110000 2424.812749
0.110000 0.112000 2243.022980
0.112000 0.114000 2080.211549
0.114000 0.116000 1927.585651
0.116000 0.118000 1785.476283
0.118000 0.120000 1653.400762
0.120000 0.122000 1533.655806
0.122000 0.124000 1419.663961
0.124000 0.126000 1315.413269
0.126000 0.128000 1219.050017
0.128000 0.130000 1130.966035
0.130000 0.132000 1046.756830
0.132000 0.134000 972.442232
0.134000 0.136000 899.831304
0.136000 0.138000 834.837522
0.138000 0.140000 774.055589
0.140000 0.142000 717.539103
0.142000 0.144000 665.829880
0.144000 0.146000 617.409237
0.146000 0.148000 572.648975
0.148000 0.150000 531.243361
0.150000 0.152000 491.877146
0.152000 0.154000 456.913591
0.154000 0.156000 423.585001
0.156000 0.158000 393.271239
0.158000 0.160000 364.578717
0.160000 0.162000 338.425936
0.162000 0.164000 313.757996
0.164000 0.166000 291.139946
0.166000 0.168000 270.557108
0.168000 0.170000 250.957983
0.170000 0.172000 232.815520
0.172000 0.174000 216.176400
0.174000 0.176000 200.654842
0.176000 0.178000 186.165630
0.178000 0.180000 173.033044
0.180000 0.182000 160.595025
0.182000 0.184000 149.029302
0.184000 0.186000 138.438093
0.186000 0.188000 128.487212
0.188000 0.190000 119.429121
0.190000 0.192000 110.813515
0.192000 0.194000 102.896858
0.194000 0.196000 95.579713
0.196000 0.198000 88.767048
0.198000 0.200000 82.500477
0.200000 0.202000 76.666403
0.202000 0.204000 71.152924
0.204000 0.206000 66.127212
0.206000 0.208000 61.483256
0.208000 0.210000 57.131567
0.210000 0.212000 53.091408
0.212000 0.214000 49.363394
0.214000 0.216000 45.854820
0.216000 0.218000 42.591830
0.218000 0.220000 39.590014
0.220000 0.222000 36.802173
0.222000 0.224000 34.249337
0.224000 0.226000 31.851544
0.226000 0.228000 29.603874
0.228000 0.230000 27.524217
0.230000 0.232000 25.605584
0.232000 0.234000 23.811299
0.234000 0.236000 22.141290
0.236000 0.238000 20.608085
0.238000 0.240000 19.160041
0.240000 0.242000 17.803520
0.242000 0.244000 16.585986
0.244000 0.246000 15.416752
0.246000 0.248000 14.349969
0.248000 0.250000 13.350860
0.250000 0.252000 12.423378
0.252000 0.254000 11.565269
0.254000 0.256000 10.759240
0.256000 0.258000 10.010522
0.258000 0.260000 9.310188
0.260000 0.262000 8.675662
0.262000 0.264000 8.079907
0.264000 0.266000 7.511060
0.266000 0.268000 6.994650
0.268000 0.270000 6.513575
0.270000 0.272000 6.067371
0.272000 0.274000 5.651587
0.274000 0.276000 5.254941
0.276000 0.278000 4.901160
0.278000 0.280000 4.563916
0.280000 0.282000 4.248284
0.282000 0.284000 3.954620
0.284000 0.286000 3.690541
0.286000 0.288000 3.432767
0.288000 0.290000 3.200827
0.290000 0.292000 2.981651
0.292000 0.294000 2.778693
0.294000 0.296000 2.588472
0.296000 0.298000 2.414445
0.298000 0.300000 2.248444
0.300000 0.302000 2.093562
0.302000 0.304000 1.953125
0.304000 0.306000 1.819514
0.306000 0.308000 1.696950
0.308000 0.310000 1.579802
0.310000 0.312000 1.474492
0.312000 0.314000 1.373634
0.314000 0.316000 1.282736
0.316000 0.318000 1.196468
0.318000 0.320000 1.114743
0.320000 0.322000 1.039666
0.322000 0.324000 0.970799
0.324000 0.326000 0.904397
0.326000 0.328000 0.844201
0.328000 0.330000 0.787488
0.330000 0.332000 0.734201
0.332000 0.334000 0.685081
0.334000 0.336000 0.639305
0.336000 0.338000 0.596070
0.338000 0.340000 0.556767
0.340000 0.342000 0.519382
0.342000 0.344000 0.485108
0.344000 0.346000 0.452689
0.346000 0.348000 0.421927
0.348000 0.350000 0.394199
0.350000 0.352000 0.368348
0.352000 0.354000 0.343524
0.354000 0.356000 0.320890
0.356000 0.358000 0.299500
0.358000 0.360000 0.279414
0.360000 0.362000 0.260789
0.362000 0.364000 0.244030
0.364000 0.366000 0.227715
0.366000 0.368000 0.212534
0.368000 0.370000 0.198673
0.370000 0.372000 0.185665
0.372000 0.374000 0.173396
0.374000 0.376000 0.161940
0.376000 0.378000 0.151452
0.378000 0.380000 0.141386
0.380000 0.382000 0.132218
0.382000 0.384000 0.123408
0.384000 0.386000 0.115483
0.386000 0.388000 0.107928
0.388000 0.390000 0.100801
0.390000 0.392000 0.094196
0.392000 0.394000 0.088026
0.394000 0.396000 0.082412
0.396000 0.398000 0.076997
0.398000 0.400000 0.072016
0.400000 0.402000 0.067252
0.402000 0.404000 0.062950
0.404000 0.406000 0.058789
0.406000 0.408000 0.054981
0.408000 0.410000 0.051479
0.410000 0.412000 0.048117
0.412000 0.414000 0.045010
0.414000 0.416000 0.042125
0.416000 0.418000 0.039350
0.418000 0.420000 0.036874
0.420000 0.422000 0.034485
0.422000 0.424000 0.032240
0.424000 0.426000 0.030185
0.426000 0.428000 0.028233
0.428000 0.430000 0.026469
0.430000 0.432000 0.024737
0.432000 0.434000 0.023169
0.434000 0.436000 0.021685
0.436000 0.438000 0.020303
0.438000 0.440000 0.019010
0.440000 0.442000 0.017793
0.442000 0.444000 0.016662
0.444000 0.446000 0.015585
0.446000 0.448000 0.014600
0.448000 0.450000 0.013677
0.450000 0.452000 0.012810
0.452000 0.454000 0.011994
0.454000 0.456000 0.011242
0.456000 0.458000 0.010520
0.458000 0.460000 0.009857
0.460000 0.462000 0.009242
0.462000 0.464000 0.008664
0.464000 0.466000 0.008107
0.466000 0.468000 0.007592
0.468000 0.470000 0.007121
0.470000 0.472000 0.006673
0.472000 0.474000 0.006253
0.474000 0.476000 0.005857
0.476000 0.478000 0.005491
0.478000 0.480000 0.005147
0.480000 0.482000 0.004827
0.482000 0.484000 0.004528
0.484000 0.486000 0.004243
0.486000 0.488000 0.003977
0.488000 0.490000 0.003727
0.490000 0.492000 0.003494
0.492000 0.494000 0.003279
0.494000 0.496000 0.003072
0.496000 0.498000 0.002883
0.498000 0.500000 0.002702
0.500000 0.502000 0.002538
0.502000 0.504000 0.002381
0.504000 0.506000 0.002234
0.506000 0.508000 0.002092
0.508000 0.510000 0.001966
0.510000 0.512000 0.001843
0.512000 0.514000 0.001731
0.514000 0.516000 0.001624
0.516000 0.518000 0.001524
0.518000 0.520000 0.001430
0.520000 0.522000 0.001343
0.522000 0.524000 0.001261
0.524000 0.526000 0.001183
0.526000 0.528000 0.001111
0.528000 0.530000 0.001044
0.530000 0.532000 0.000978
0.532000 0.534000 0.000920
0.534000 0.536000 0.000864
0.536000 0.538000 0.000811
0.538000 0.540000 0.000761
0.540000 0.542000 0.000715
0.542000 0.544000 0.000672
0.544000 0.546000 0.000631
0.546000 0.548000 0.000593
0.548000 0.550000 0.000557
0.550000 0.552000 0.000523
0.552000 0.554000 0.000492
0.554000 0.556000 0.000462
0.556000 0.558000 0.000434
0.558000 0.560000 0.000408
0.560000 0.562000 0.000384
0.562000 0.564000 0.000360
0.564000 0.566000 0.000339
0.566000 0.568000 0.000319
0.568000 0.570000 0.000299
0.570000 0.572000 0.000282
0.572000 0.574000 0.000265
0.574000 0.576000 0.000249
0.576000 0.578000 0.000234
0.578000 0.580000 0.000220
0.580000 0.582000 0.000207
0.582000 0.584000 0.000195
0.584000 0.586000 0.000183
0.586000 0.588000 0.000172
0.588000 0.590000 0.000162
0.590000 0.592000 0.000152
0.592000 0.594000 0.000143
0.594000 0.596000 0.000135
0.596000 0.598000 0.000127
0.598000 0.600000 0.000119
0.600000 0.602000 0.000112
0.602000 0.604000 0.000106
0.604000 0.606000 0.000100
0.606000 0.608000 0.000094
0.608000 0.610000 0.000088
0.610000 0.612000 0.000083
0.612000 0.614000 0.000078
0.614000 0.616000 0.000074
0.616000 0.618000 0.000069
0.618000 0.620000 0.000065
0.620000 0.622000 0.000061
0.622000 0.624000 0.000058
0.624000 0.626000 0.000054
0.626000 0.628000 0.000051
0.628000 0.630000 0.000048
0.630000 0.632000 0.000046
0.632000 0.634000 0.000043
0.634000 0.636000 0.000040
0.636000 0.638000 0.000038
0.638000 0.640000 0.000036
0.640000 0.642000 0.000034
0.642000 0.644000 0.000032
0.644000 0.646000 0.000030
0.646000 0.648000 0.000028
0.648000 0.650000 0.000027
0.650000 0.652000 0.000025
0.652000 0.654000 0.000024
0.654000 0.656000 0.000022
0.656000 0.658000 0.000021
0.658000 0.660000 0.000020
0.660000 0.662000 0.000019
0.662000 0.664000 0.000018
0.664000 0.666000 0.000017
0.666000 0.668000 0.000016
0.668000 0.670000 0.000015
0.670000 0.672000 0.000014
0.672000 0.674000 0.000013
0.674000 0.676000 0.000012
0.676000 0.678000 0.000012
0.678000 0.680000 0.000011
0.680000 0.682000 0.000010
0.682000 0.684000 0.000010
0.684000 0.686000 0.000009
0.686000 0.688000 0.000009
0.688000 0.690000 0.000008
0.690000 0.692000 0.000008
0.692000 0.694000 0.000007
0.694000 0.696000 0.000007
0.696000 0.698000 0.000007
0.698000 0.700000 0.000006
0.700000 0.702000 0.000006
0.702000 0.704000 0.000006
0.704000 0.706000 0.000005
0.706000 0.708000 0.000005
0.708000 0.710000 0.000005
0.710000 0.712000 0.000004
0.712000 0.714000 0.000004
0.714000 0.716000 0.000004
0.716000 0.718000 0.000004
0.718000 0.720000 0.000003
0.720000 0.722000 0.000003
0.722000 0.724000 0.000003
0.724000 0.726000 0.000003
0.726000 0.728000 0.000003
0.728000 0.730000 0.000003
0.730000 0.732000 0.000002
0.732000 0.734000 0.000002
0.734000 0.736000 0.000002
0.736000 0.738000 0.000002
0.738000 0.740000 0.000002
0.740000 0.742000 0.000002
0.742000 0.744000 0.000002
0.744000 0.746000 0.000002
0.746000 0.748000 0.000002
0.748000 0.750000 0.000001
0.750000 0.752000 0.000001
0.752000 0.754000 0.000001
0.754000 0.756000 0.000001
0.756000 0.758000 0.000001
0.758000 0.760000 0.000001
0.760000 0.762000 0.000001
0.762000 0.764000 0.000001
0.764000 0.766000 0.000001
0.766000 0.768000 0.000001
0.768000 0.770000 0.000001
0.770000 0.772000 0.000001
0.772000 0.774000 0.000001
0.774000 0.776000 0.000001
0.776000 0.778000 0.000001
0.778000 0.780000 0.000001
0.780000 0.782000 0.000001
0.782000 0.784000 0.000001
0.784000 0.786000 0.000001
0.786000 0.788000 0.000001
0.788000 0.790000 0.000000
0.790000 0.792000 0.000000
0.792000 0.794000 0.000000
0.794000 0.796000 0.000000
0.796000 0.798000 0.000000
0.798000 0.800000 0.000000
0.800000 0.802000 0.000000
0.802000 0.804000 0.000000
0.804000 0.806000 0.000000
0.806000 0.808000 0.000000
0.808000 0.810000 0.000000
0.810000 0.812000 0.000000
0.812000 0.814000 0.000000
0.814000 0.816000 0.000000
0.816000 0.818000 0.000000
0.818000 0.820000 0.000000
0.820000 0.822000 0.000000
0.822000 0.824000 0.000000
0.824000 0.826000 0.000000
0.826000 0.828000 0.000000
0.828000 0.830000 0.000000
0.830000 0.832000 0.000000
0.832000 0.834000 0.000000
0.834000 0.836000 0.000000
0.836000 0.838000 0.000000
0.838000 0.840000 0.000000
0.840000 0.842000 0.000000
0.842000 0.844000 0.000000
0.844000 0.846000 0.000000
0.846000 0.848000 0.000000
0.848000 0.850000 0.000000
0.850000 0.852000 0.000000
0.852000 0.854000 0.000000
0.854000 0.856000 0.000000
0.856000 0.858000 0.000000
0.858000 0.860000 0.000000
0.860000 0.862000 0.000000
0.862000 0.864000 0.000000
0.864000 0.866000 0.000000
0.866000 0.868000 0.000000
0.868000 0.870000 0.000000
0.870000 0.872000 0.000000
0.872000 0.874000 0.000000
0.874000 0.876000 0.000000
0.876000 0.878000 0.000000
0.878000 0.880000 0.000000
0.880000 0.882000 0.000000
0.882000 0.884000 0.000000
0.884000 0.886000 0.000000
0.886000 0.888000 0.000000
0.888000 0.890000 0.000000
0.890000 0.892000 0.000000
0.892000 0.894000 0.000000
0.894000 0.896000 0.000000
0.896000 0.898000 0.000000
0.898000 0.900000 0.000000
0.900000 0.902000 0.000000
0.902000 0.904000 0.000000
0.904000 0.906000 0.000000
0.906000 0.908000 0.000000
0.908000 0.910000 0.000000
0.910000 0.912000 0.000000
0.912000 0.914000 0.000000
0.914000 0.916000 0.000000
0.916000 0.918000 0.000000
0.918000 0.920000 0.000000
0.920000 0.922000 0.000000
0.922000 0.924000 0.000000
0.924000 0.926000 0.000000
0.926000 0.928000 0.000000
0.928000 0.930000 0.000000
0.930000 0.932000 0.000000
0.932000 0.934000 0.000000
0.934000 0.936000 0.000000
0.936000 0.938000 0.000000
0.938000 0.940000 0.000000
0.940000 0.942000 0.000000
0.942000 0.944000 0.000000
0.944000 0.946000 0.000000
0.946000 0.948000 0.000000
0.948000 0.950000 0.000000
0.950000 0.952000 0.000000
0.952000 0.954000 0.000000
0.954000 0.956000 0.000000
0.956000 0.958000 0.000000
0.958000 0.960000 0.000000
0.960000 0.962000 0.000000
0.962000 0.964000 0.000000
0.964000 0.966000 0.000000
0.966000 0.968000 0.000000
0.968000 0.970000 0.000000
0.970000 0.972000 0.000000
0.972000 0.974000 0.000000
0.974000 0.976000 0.000000
0.976000 0.978000 0.000000
0.978000 0.980000 0.000000
0.980000 0.982000 0.000000
0.982000 0.984000 0.000000
0.984000 0.986000 0.000000
0.986000 0.988000 0.000000
0.988000 0.990000 0.000000
0.990000 0.992000 0.000000
0.992000 0.994000 0.000000
0.994000 0.996000 0.000000
0.996000 0.998000 0.000000
0.998000 1.000000 0.000000
