0.000000 0.002000 41358080622027376.000000
0.002000 0.004000 39212012496503000.000000
0.004000 0.006000 37187736645207264.000000
0.006000 0.008000 35234841705940532.000000
0.008000 0.010000 33429659817074004.000000
0.010000 0.012000 31682318121578980.000000
0.012000 0.014000 30051743868486024.000000
0.014000 0.016000 28512436563243616.000000
0.016000 0.018000 27013481457252072.000000
0.018000 0.020000 25583716138554772.000000
0.020000 0.022000 24300845754485144.000000
0.022000 0.024000 23037175921117340.000000
0.024000 0.026000 21859078787269760.000000
0.026000 0.028000 20725054134522348.000000
0.028000 0.030000 19662793877494192.000000
0.030000 0.032000 18639386653736124.000000
0.032000 0.034000 17663989186913888.000000
0.034000 0.036000 16760490576412608.000000
0.036000 0.038000 15889300839415130.000000
0.038000 0.040000 15086198864015352.000000
0.040000 0.042000 14298600309916340.000000
0.042000 0.044000 13571000347390420.000000
0.044000 0.046000 12863957308837480.000000
0.046000 0.048000 12205915926125436.000000
0.048000 0.050000 11587886530081024.000000
0.050000 0.052000 10979700676410380.000000
0.052000 0.054000 10423548898497896.000000
0.054000 0.056000 9888326468082012.000000
0.056000 0.058000 9381581319781954.000000
0.058000 0.060000 8900977199060695.000000
0.060000 0.062000 8452574853072049.000000
0.062000 0.064000 8011854972381652.000000
0.064000 0.066000 7609932203795419.000000
0.066000 0.068000 7215815823249914.000000
0.068000 0.070000 6849527213917894.000000
0.070000 0.072000 6503323296104589.000000
0.072000 0.074000 6167239404273870.000000
0.074000 0.076000 5851820749302873.000000
0.076000 0.078000 5555526234058139.000000
0.078000 0.080000 5274038674742167.000000
0.080000 0.082000 5000986926440170.000000
0.082000 0.084000 4747391484642026.000000
0.084000 0.086000 4508991477682355.000000
0.086000 0.088000 4273931384399696.000000
0.088000 0.090000 4062410310598779.500000
0.090000 0.092000 3856786377462785.500000
0.092000 0.094000 3661071719350735.500000
0.094000 0.096000 3475654252872169.000000
0.096000 0.098000 3299026144615465.000000
0.098000 0.100000 3129034586237708.000000
0.100000 0.102000 2972006147721981.500000
0.102000 0.104000 2820312443101193.500000
0.104000 0.106000 2679947247216719.500000
0.106000 0.108000 2541982912697387.500000
0.108000 0.110000 2416178926035331.000000
0.110000 0.112000 2293807560900895.500000
0.112000 0.114000 2177511419007690.750000
0.114000 0.116000 2068448263309111.000000
0.116000 0.118000 1961438911122010.000000
0.118000 0.120000 1864251712074125.250000
0.120000 0.122000 1769583190071894.250000
0.122000 0.124000 1682105070787978.500000
0.124000 0.126000 1596621693905596.250000
0.126000 0.128000 1516264181065505.750000
0.128000 0.130000 1439536498398594.250000
0.130000 0.132000 1367877242620148.500000
0.132000 0.134000 1300101583884436.500000
0.134000 0.136000 1234247951756845.000000
0.136000 0.138000 1172054229697729.750000
0.138000 0.140000 1113499386109832.500000
0.140000 0.142000 1055690201500678.750000
0.142000 0.144000 1006093213739525.625000
0.144000 0.146000 953784972015423.750000
0.146000 0.148000 907205321170765.500000
0.148000 0.150000 861217277867283.750000
0.150000 0.152000 818228719964155.750000
0.152000 0.154000 777496038583976.250000
0.154000 0.156000 738199599921276.250000
0.156000 0.158000 701060243503053.750000
0.158000 0.160000 667269560682032.750000
0.160000 0.162000 633851648764279.625000
0.162000 0.164000 601613901099195.000000
0.164000 0.166000 571942484690243.000000
0.166000 0.168000 543761577657700.375000
0.168000 0.170000 516103384162232.187500
0.170000 0.172000 491126623915017.500000
0.172000 0.174000 466221586559223.562500
0.174000 0.176000 443541616394172.125000
0.176000 0.178000 421756515557708.187500
0.178000 0.180000 400402414715234.375000
0.180000 0.182000 381102710637689.187500
0.182000 0.184000 361677674747665.750000
0.184000 0.186000 343963104504974.187500
0.186000 0.188000 326860930778872.625000
0.188000 0.190000 311094705330381.000000
0.190000 0.192000 295392792195803.312500
0.192000 0.194000 280924497268708.812500
0.194000 0.196000 266971593568526.000000
0.196000 0.198000 253629990644454.000000
0.198000 0.200000 241475484242761.093750
0.200000 0.202000 229501684107870.468750
0.202000 0.204000 218110080434108.687500
0.204000 0.206000 207276154476242.218750
0.206000 0.208000 197087141987849.468750
0.208000 0.210000 187322761268658.625000
0.210000 0.212000 178447134847300.312500
0.212000 0.214000 169602850477338.468750
0.214000 0.216000 161235516985468.375000
0.216000 0.218000 153347890831110.187500
0.218000 0.220000 145715506481260.500000
0.220000 0.222000 138697183546677.203125
0.222000 0.224000 131804779831569.203125
0.224000 0.226000 125356486023495.937500
0.226000 0.228000 119235247820111.671875
0.228000 0.230000 113520177056420.984375
0.230000 0.232000 108082523120692.656250
0.232000 0.234000 102594922788456.312500
0.234000 0.236000 97602780677028.046875
0.236000 0.238000 92848828348444.625000
0.238000 0.240000 88354510896176.218750
0.240000 0.242000 83969478118813.078125
0.242000 0.244000 79914685403035.437500
0.244000 0.246000 76111768497939.781250
0.246000 0.248000 72343225186821.171875
0.248000 0.250000 68786655623072.601562
0.250000 0.252000 65508353391222.875000
0.252000 0.254000 62338816017736.828125
0.254000 0.256000 59302884716128.710938
0.256000 0.258000 56384056853834.718750
0.258000 0.260000 53669894082798.929688
0.260000 0.262000 51070232168443.867188
0.262000 0.264000 48625579432179.351562
0.264000 0.266000 46214593545363.406250
0.266000 0.268000 44009903353588.210938
0.268000 0.270000 41878344168476.476562
0.270000 0.272000 39839499510556.156250
0.272000 0.274000 37933200867430.687500
0.274000 0.276000 36086656132273.414062
0.276000 0.278000 34382183300378.089844
0.278000 0.280000 32703231471424.621094
0.280000 0.282000 31127439763597.410156
0.282000 0.284000 29631171918326.152344
0.284000 0.286000 28198573508337.933594
0.286000 0.288000 26841298369108.410156
0.288000 0.290000 25547721992211.074219
0.290000 0.292000 24316543261258.878906
0.292000 0.294000 23152866051205.363281
0.294000 0.296000 22054256186709.980469
0.296000 0.298000 20991589134253.531250
0.298000 0.300000 19990852831358.417969
0.300000 0.302000 19031334065727.718750
0.302000 0.304000 18125608032123.488281
0.304000 0.306000 17248626728311.644531
0.306000 0.308000 16418076171908.589844
0.308000 0.310000 15616629307450.544922
0.310000 0.312000 14892039312263.794922
0.312000 0.314000 14185087174359.837891
0.314000 0.316000 13504542233785.179688
0.316000 0.318000 12871295927177.136719
0.318000 0.320000 12241361426135.771484
0.320000 0.322000 11660084704826.283203
0.322000 0.324000 11103576877596.158203
0.324000 0.326000 10582548492886.011719
0.326000 0.328000 10072040460861.681641
0.328000 0.330000 9595194840186.621094
0.330000 0.332000 9142450722269.376953
0.332000 0.334000 8714543104220.857422
0.334000 0.336000 8296120261500.299805
0.336000 0.338000 7903312576057.935547
0.338000 0.340000 7532696295336.189453
0.340000 0.342000 7176789990645.372070
0.342000 0.344000 6831303367711.596680
0.344000 0.346000 6511891766724.491211
0.346000 0.348000 6201426953070.628906
0.348000 0.350000 5911212629946.300781
0.350000 0.352000 5629304100742.767578
0.352000 0.354000 5367281515943.527344
0.354000 0.356000 5110608036724.811523
0.356000 0.358000 4865784040312.603516
0.358000 0.360000 4639905376223.841797
0.360000 0.362000 4420976097887.022461
0.362000 0.364000 4215254857830.212891
0.364000 0.366000 4017081108247.523438
0.366000 0.368000 3825166743242.930664
0.368000 0.370000 3643845809256.089355
0.370000 0.372000 3476101436337.811035
0.372000 0.374000 3312205169640.081543
0.374000 0.376000 3155549315144.247070
0.376000 0.378000 3008745254794.414062
0.378000 0.380000 2867505417328.009277
0.380000 0.382000 2733980044713.543945
0.382000 0.384000 2607804402297.664551
0.384000 0.386000 2487617045485.842773
0.386000 0.388000 2368207372281.775391
0.388000 0.390000 2258679089609.177246
0.390000 0.392000 2153523260844.618652
0.392000 0.394000 2052274641392.937988
0.394000 0.396000 1957132188475.108887
0.396000 0.398000 1864973651979.713867
0.398000 0.400000 1780345484305.428467
0.400000 0.402000 1695126080503.537842
0.402000 0.404000 1616466546287.831787
0.404000 0.406000 1541032137883.289307
0.406000 0.408000 1470066030756.910156
0.408000 0.410000 1401417829995.832520
0.410000 0.412000 1338719760149.197266
0.412000 0.414000 1275002387048.360107
0.414000 0.416000 1215998137649.124512
0.416000 0.418000 1159733063720.042480
0.418000 0.420000 1105271915324.197754
0.420000 0.422000 1054713986454.366577
0.422000 0.424000 1005301441582.428589
0.424000 0.426000 960126442407.151123
0.426000 0.428000 914671303768.646729
0.428000 0.430000 872270202837.737305
0.430000 0.432000 831771025585.710083
0.432000 0.434000 794227478314.084106
0.434000 0.436000 757392446241.001343
0.436000 0.438000 722853766157.756348
0.438000 0.440000 689773257595.886475
0.440000 0.442000 657207464408.039062
0.442000 0.444000 627096342502.610596
0.444000 0.446000 598460215801.542603
0.446000 0.448000 570881203029.684814
0.448000 0.450000 544799195319.865479
0.450000 0.452000 519848216136.367676
0.452000 0.454000 496362460147.057312
0.454000 0.456000 473045456602.412598
0.456000 0.458000 451824633063.431885
0.458000 0.460000 430879626926.373962
0.460000 0.462000 411160236983.365295
0.462000 0.464000 392471561165.048035
0.464000 0.466000 374574336984.358276
0.466000 0.468000 357412616227.514832
0.468000 0.470000 341303798759.009277
0.470000 0.472000 325369362898.284485
0.472000 0.474000 310872365435.733154
0.474000 0.476000 296686278494.809692
0.476000 0.478000 283390081297.780151
0.478000 0.480000 270163846354.686310
0.480000 0.482000 258116599606.415894
0.482000 0.484000 246333633341.695374
0.484000 0.486000 235352650130.005646
0.486000 0.488000 224669565403.844330
0.488000 0.490000 214419262286.789642
0.490000 0.492000 204640747608.604065
0.492000 0.494000 195303850921.735443
0.494000 0.496000 186471648308.070129
0.496000 0.498000 177832134910.295288
0.498000 0.500000 170098396880.683441
0.500000 0.502000 162358664078.398560
0.502000 0.504000 154888147069.175323
0.504000 0.506000 148015779776.176666
0.506000 0.508000 141113470948.176758
0.508000 0.510000 134966484870.516586
0.510000 0.512000 128965991828.404114
0.512000 0.514000 123064147515.936249
0.514000 0.516000 117539634935.246017
0.516000 0.518000 112133486995.599716
0.518000 0.520000 107133879041.772369
0.520000 0.522000 102444055485.178162
0.522000 0.524000 97797541839.498627
0.524000 0.526000 93404141339.388641
0.526000 0.528000 89173396869.107605
0.528000 0.530000 85209667060.673889
0.530000 0.532000 81316379972.964920
0.532000 0.534000 77694619318.854263
0.534000 0.536000 74273004599.937973
0.536000 0.538000 71003989350.930695
0.538000 0.540000 67836747130.780495
0.540000 0.542000 64771363948.384033
0.542000 0.544000 61894760124.426170
0.544000 0.546000 59083726556.206261
0.546000 0.548000 56478355638.114265
0.548000 0.550000 53955994126.656166
0.550000 0.552000 51579643400.316895
0.552000 0.554000 49282617098.048058
0.554000 0.556000 47135190940.411156
0.556000 0.558000 45025771405.207993
0.558000 0.560000 43015956737.657112
0.560000 0.562000 41067665672.898315
0.562000 0.564000 39258473162.232468
0.564000 0.566000 37542264911.291054
0.566000 0.568000 35890496420.228973
0.568000 0.570000 34288728630.719635
0.570000 0.572000 32749642988.581348
0.572000 0.574000 31378313438.059010
0.574000 0.576000 29938765753.104610
0.576000 0.578000 28616244893.150524
0.578000 0.580000 27370925892.001183
0.580000 0.582000 26145910288.486481
0.582000 0.584000 25004949225.735443
0.584000 0.586000 23904831438.416470
0.586000 0.588000 22863601534.621033
0.588000 0.590000 21831878707.528934
0.590000 0.592000 20899237362.320141
0.592000 0.594000 19995044180.417191
0.594000 0.596000 19101348653.163914
0.596000 0.598000 18263884301.232250
0.598000 0.600000 17442913151.251167
0.600000 0.602000 16679887363.375051
0.602000 0.604000 15971996118.129152
0.604000 0.606000 15265782453.390394
0.606000 0.608000 14601569830.822660
0.608000 0.610000 13953032538.808521
0.610000 0.612000 13342543779.542189
0.612000 0.614000 12761515965.059149
0.614000 0.616000 12184406464.304970
0.616000 0.618000 11681168375.873384
0.618000 0.620000 11170590382.644533
0.620000 0.622000 10670386124.760937
0.622000 0.624000 10218063486.648674
0.624000 0.626000 9771245550.513969
0.626000 0.628000 9344906516.824284
0.628000 0.630000 8937267044.595512
0.630000 0.632000 8555330185.502321
0.632000 0.634000 8179158829.426470
0.634000 0.636000 7826817941.625892
0.636000 0.638000 7485021833.693997
0.638000 0.640000 7170411138.703884
0.640000 0.642000 6853676655.153169
0.642000 0.644000 6557892902.506581
0.644000 0.646000 6269249400.377022
0.646000 0.648000 5998296240.416830
0.648000 0.650000 5739407812.699033
0.650000 0.652000 5495826424.374502
0.652000 0.654000 5260725561.232532
0.654000 0.656000 5033884756.362473
0.656000 0.658000 4813720577.655197
0.658000 0.660000 4606225267.990261
0.660000 0.662000 4410331368.827998
0.662000 0.664000 4218628548.978010
0.664000 0.666000 4040824352.686044
0.666000 0.668000 3864631283.345094
0.668000 0.670000 3701459568.006084
0.670000 0.672000 3542203547.555007
0.672000 0.674000 3389243280.769481
0.674000 0.676000 3247172120.196774
0.676000 0.678000 3105358447.864341
0.678000 0.680000 2977429355.477832
0.680000 0.682000 2847621030.697807
0.682000 0.684000 2724841337.039473
0.684000 0.686000 2607571287.283728
0.686000 0.688000 2500319290.773752
0.688000 0.690000 2390508437.422098
0.690000 0.692000 2288668670.137307
0.692000 0.694000 2191739762.571658
0.694000 0.696000 2098354739.088771
0.696000 0.698000 2011198980.734126
0.698000 0.700000 1925994891.518064
0.700000 0.702000 1841321761.102426
0.702000 0.704000 1762264699.848817
0.704000 0.706000 1689543281.844532
0.706000 0.708000 1618578713.933794
0.708000 0.710000 1549632999.848636
0.710000 0.712000 1485118010.342128
0.712000 0.714000 1421063112.383315
0.714000 0.716000 1362028089.381654
0.716000 0.718000 1304296644.778376
0.718000 0.720000 1248647956.329235
0.720000 0.722000 1197184985.770859
0.722000 0.724000 1145894282.782046
0.724000 0.726000 1097620960.373997
0.726000 0.728000 1051954396.882087
0.728000 0.730000 1006562711.798375
0.730000 0.732000 965162762.613882
0.732000 0.734000 925327576.998189
0.734000 0.736000 886032417.635836
0.736000 0.738000 847917976.711631
0.738000 0.740000 812793767.287491
0.740000 0.742000 779545439.028645
0.742000 0.744000 746436592.845886
0.744000 0.746000 715833862.890512
0.746000 0.748000 685213086.621865
0.748000 0.750000 656257078.840731
0.750000 0.752000 628920896.758252
0.752000 0.754000 602688227.686204
0.754000 0.756000 576931102.688172
0.756000 0.758000 553330982.284466
0.758000 0.760000 530831704.001258
0.760000 0.762000 508628415.231301
0.762000 0.764000 487523336.905960
0.764000 0.766000 466865006.397224
0.766000 0.768000 447185666.036846
0.768000 0.770000 429063785.551879
0.770000 0.772000 411324800.771206
0.772000 0.774000 393939640.303387
0.774000 0.776000 377685979.136538
0.776000 0.778000 362270754.447102
0.778000 0.780000 347318995.666471
0.780000 0.782000 333090012.606721
0.782000 0.784000 319279412.617258
0.784000 0.786000 306020078.062297
0.786000 0.788000 293277572.990490
0.788000 0.790000 281183585.608407
0.790000 0.792000 269614608.958397
0.792000 0.794000 258419648.340537
0.794000 0.796000 247903883.533536
0.796000 0.798000 237516326.439829
0.798000 0.800000 227773340.117389
0.800000 0.802000 218478060.246482
0.802000 0.804000 209658941.413208
0.804000 0.806000 201061335.028141
0.806000 0.808000 192683640.452623
0.808000 0.810000 184816757.564944
0.810000 0.812000 177358397.428427
0.812000 0.814000 170188939.070206
0.814000 0.816000 163052620.330152
0.816000 0.818000 156441343.797430
0.818000 0.820000 149947007.973763
0.820000 0.822000 144054104.809116
0.822000 0.824000 138127155.420388
0.824000 0.826000 132331291.234423
0.826000 0.828000 127024240.141909
0.828000 0.830000 121863712.768792
0.830000 0.832000 116993976.743269
0.832000 0.834000 112164262.977886
0.834000 0.836000 107621775.101135
0.836000 0.838000 103198072.590671
0.838000 0.840000 99015512.948893
0.840000 0.842000 95016908.448866
0.842000 0.844000 91181892.914707
0.844000 0.846000 87428306.864544
0.846000 0.848000 83976917.980482
0.848000 0.850000 80585788.806516
0.850000 0.852000 77282446.112000
0.852000 0.854000 74191064.621705
0.854000 0.856000 71215042.845711
0.856000 0.858000 68365198.787310
0.858000 0.860000 65585988.969346
0.860000 0.862000 62851041.496573
0.862000 0.864000 60420957.817111
0.864000 0.866000 57973005.845752
0.866000 0.868000 55566299.021598
0.868000 0.870000 53425643.490411
0.870000 0.872000 51291092.362297
0.872000 0.874000 49213420.694492
0.874000 0.876000 47216231.592887
0.876000 0.878000 45369645.623095
0.878000 0.880000 43541738.214684
0.880000 0.882000 41781193.076518
0.882000 0.884000 40123330.788366
0.884000 0.886000 38529830.825886
0.886000 0.888000 36999614.817501
0.888000 0.890000 35504088.525275
0.890000 0.892000 34134406.330350
0.892000 0.894000 32721604.529354
0.894000 0.896000 31455706.738206
0.896000 0.898000 30191397.669340
0.898000 0.900000 28990605.117371
0.900000 0.902000 27817315.528760
0.902000 0.904000 26740103.484481
0.904000 0.906000 25681225.723869
0.906000 0.908000 24696141.308675
0.908000 0.910000 23666499.884047
0.910000 0.912000 22748812.103176
0.912000 0.914000 21842826.801918
0.914000 0.916000 20987873.076087
0.916000 0.918000 20137648.047427
0.918000 0.920000 19371452.839631
0.920000 0.922000 18628363.587394
0.922000 0.924000 17860509.399886
0.924000 0.926000 17151442.342634
0.926000 0.928000 16480960.212739
0.928000 0.930000 15831745.400148
0.930000 0.932000 15215810.144456
0.932000 0.934000 14625383.048179
0.934000 0.936000 14038268.331188
0.936000 0.938000 13484637.323395
0.938000 0.940000 12964551.011570
0.940000 0.942000 12448208.413115
0.942000 0.944000 11966351.685859
0.944000 0.946000 11490709.388151
0.946000 0.948000 11053493.808026
0.948000 0.950000 10619980.218810
0.950000 0.952000 10201861.241005
0.952000 0.954000 9802295.323956
0.954000 0.956000 9417251.555930
0.956000 0.958000 9060468.979392
0.958000 0.960000 8701803.670559
0.960000 0.962000 8368233.146143
0.962000 0.964000 8042965.500287
0.964000 0.966000 7728282.312381
0.966000 0.968000 7431579.669827
0.968000 0.970000 7134679.529567
0.970000 0.972000 6862202.009566
0.972000 0.974000 6595655.546441
0.974000 0.976000 6335743.634905
0.976000 0.978000 6101243.569235
0.978000 0.980000 5857370.532277
0.980000 0.982000 5633859.899426
0.982000 0.984000 5417949.420946
0.984000 0.986000 5209695.492728
0.986000 0.988000 5010209.679352
0.988000 0.990000 4818077.981169
0.990000 0.992000 4633917.409110
0.992000 0.994000 4453393.935760
0.994000 0.996000 4284329.432783
0.996000 0.998000 4116267.919593
0.998000 1.000000 3953576.249289
