0.000000 0.002000 9.181898
0.002000 0.004000 8.704432
0.004000 0.006000 8.251915
0.006000 0.008000 7.822763
0.008000 0.010000 7.415911
0.010000 0.012000 7.030460
0.012000 0.014000 6.665001
0.014000 0.016000 6.315863
0.016000 0.018000 5.992597
0.018000 0.020000 5.680919
0.020000 0.022000 5.383860
0.022000 0.024000 5.100568
0.024000 0.026000 4.836738
0.026000 0.028000 4.585012
0.028000 0.030000 4.348357
0.030000 0.032000 4.119764
0.032000 0.034000 3.910692
0.034000 0.036000 3.701346
0.036000 0.038000 3.512392
0.038000 0.040000 3.328214
0.040000 0.042000 3.152688
0.042000 0.044000 2.991559
0.044000 0.046000 2.838898
0.046000 0.048000 2.688475
0.048000 0.050000 2.545787
0.050000 0.052000 2.415030
0.052000 0.054000 2.289261
0.054000 0.056000 2.170509
0.056000 0.058000 2.058096
0.058000 0.060000 1.951089
0.060000 0.062000 1.849431
0.062000 0.064000 1.752909
0.064000 0.066000 1.663177
0.066000 0.068000 1.574688
0.068000 0.070000 1.494153
0.070000 0.072000 1.417929
0.072000 0.074000 1.341963
0.074000 0.076000 1.271923
0.076000 0.078000 1.206901
0.078000 0.080000 1.143121
0.080000 0.082000 1.084917
0.082000 0.084000 1.027884
0.084000 0.086000 0.975349
0.086000 0.088000 0.925680
0.088000 0.090000 0.875867
0.090000 0.092000 0.830383
0.092000 0.094000 0.787128
0.094000 0.096000 0.746799
0.096000 0.098000 0.707846
0.098000 0.100000 0.671170
0.100000 0.102000 0.635898
0.102000 0.104000 0.602608
0.104000 0.106000 0.571770
0.106000 0.108000 0.542237
0.108000 0.110000 0.513019
0.110000 0.112000 0.486803
0.112000 0.114000 0.460675
0.114000 0.116000 0.437963
0.116000 0.118000 0.414815
0.118000 0.120000 0.393765
0.120000 0.122000 0.372302
0.122000 0.124000 0.353327
0.124000 0.126000 0.334905
0.126000 0.128000 0.317714
0.128000 0.130000 0.300930
0.130000 0.132000 0.285415
0.132000 0.134000 0.270599
0.134000 0.136000 0.256661
0.136000 0.138000 0.243543
0.138000 0.140000 0.230315
0.140000 0.142000 0.218528
0.142000 0.144000 0.206966
0.144000 0.146000 0.196742
0.146000 0.148000 0.186130
0.148000 0.150000 0.176338
0.150000 0.152000 0.167412
0.152000 0.154000 0.158765
0.154000 0.156000 0.150366
0.156000 0.158000 0.142708
0.158000 0.160000 0.135188
0.160000 0.162000 0.127976
0.162000 0.164000 0.121481
0.164000 0.166000 0.115178
0.166000 0.168000 0.109273
0.168000 0.170000 0.103555
0.170000 0.172000 0.098129
0.172000 0.174000 0.093197
0.174000 0.176000 0.088145
0.176000 0.178000 0.083552
0.178000 0.180000 0.079232
0.180000 0.182000 0.075159
0.182000 0.184000 0.071177
0.184000 0.186000 0.067544
0.186000 0.188000 0.063959
0.188000 0.190000 0.060619
0.190000 0.192000 0.057484
0.192000 0.194000 0.054537
0.194000 0.196000 0.051718
0.196000 0.198000 0.049012
0.198000 0.200000 0.046465
0.200000 0.202000 0.044025
0.202000 0.204000 0.041748
0.204000 0.206000 0.039580
0.206000 0.208000 0.037476
0.208000 0.210000 0.035556
0.210000 0.212000 0.033699
0.212000 0.214000 0.031954
0.214000 0.216000 0.030280
0.216000 0.218000 0.028768
0.218000 0.220000 0.027280
0.220000 0.222000 0.025839
0.222000 0.224000 0.024443
0.224000 0.226000 0.023228
0.226000 0.228000 0.021993
0.228000 0.230000 0.020827
0.230000 0.232000 0.019760
0.232000 0.234000 0.018744
0.234000 0.236000 0.017735
0.236000 0.238000 0.016832
0.238000 0.240000 0.015980
0.240000 0.242000 0.015121
0.242000 0.244000 0.014358
0.244000 0.246000 0.013585
0.246000 0.248000 0.012897
0.248000 0.250000 0.012238
0.250000 0.252000 0.011576
0.252000 0.254000 0.010997
0.254000 0.256000 0.010414
0.256000 0.258000 0.009870
0.258000 0.260000 0.009343
0.260000 0.262000 0.008867
0.262000 0.264000 0.008409
0.264000 0.266000 0.007964
0.266000 0.268000 0.007563
0.268000 0.270000 0.007171
0.270000 0.272000 0.006791
0.272000 0.274000 0.006440
0.274000 0.276000 0.006103
0.276000 0.278000 0.005787
0.278000 0.280000 0.005484
0.280000 0.282000 0.005199
0.282000 0.284000 0.004930
0.284000 0.286000 0.004667
0.286000 0.288000 0.004433
0.288000 0.290000 0.004202
0.290000 0.292000 0.003988
0.292000 0.294000 0.003773
0.294000 0.296000 0.003577
0.296000 0.298000 0.003393
0.298000 0.300000 0.003220
0.300000 0.302000 0.003051
0.302000 0.304000 0.002890
0.304000 0.306000 0.002740
0.306000 0.308000 0.002600
0.308000 0.310000 0.002466
0.310000 0.312000 0.002336
0.312000 0.314000 0.002216
0.314000 0.316000 0.002098
0.316000 0.318000 0.001989
0.318000 0.320000 0.001886
0.320000 0.322000 0.001787
0.322000 0.324000 0.001694
0.324000 0.326000 0.001604
0.326000 0.328000 0.001522
0.328000 0.330000 0.001444
0.330000 0.332000 0.001368
0.332000 0.334000 0.001297
0.334000 0.336000 0.001229
0.336000 0.338000 0.001164
0.338000 0.340000 0.001105
0.340000 0.342000 0.001047
0.342000 0.344000 0.000995
0.344000 0.346000 0.000943
0.346000 0.348000 0.000892
0.348000 0.350000 0.000845
0.350000 0.352000 0.000803
0.352000 0.354000 0.000761
0.354000 0.356000 0.000722
0.356000 0.358000 0.000684
0.358000 0.360000 0.000649
0.360000 0.362000 0.000614
0.362000 0.364000 0.000583
0.364000 0.366000 0.000552
0.366000 0.368000 0.000523
0.368000 0.370000 0.000497
0.370000 0.372000 0.000471
0.372000 0.374000 0.000446
0.374000 0.376000 0.000423
0.376000 0.378000 0.000401
0.378000 0.380000 0.000380
0.380000 0.382000 0.000360
0.382000 0.384000 0.000341
0.384000 0.386000 0.000324
0.386000 0.388000 0.000307
0.388000 0.390000 0.000291
0.390000 0.392000 0.000276
0.392000 0.394000 0.000261
0.394000 0.396000 0.000248
0.396000 0.398000 0.000235
0.398000 0.400000 0.000223
0.400000 0.402000 0.000211
0.402000 0.404000 0.000200
0.404000 0.406000 0.000190
0.406000 0.408000 0.000180
0.408000 0.410000 0.000171
0.410000 0.412000 0.000162
0.412000 0.414000 0.000153
0.414000 0.416000 0.000145
0.416000 0.418000 0.000138
0.418000 0.420000 0.000131
0.420000 0.422000 0.000124
0.422000 0.424000 0.000117
0.424000 0.426000 0.000111
0.426000 0.428000 0.000105
0.428000 0.430000 0.000100
0.430000 0.432000 0.000095
0.432000 0.434000 0.000090
0.434000 0.436000 0.000085
0.436000 0.438000 0.000081
0.438000 0.440000 0.000077
0.440000 0.442000 0.000073
0.442000 0.444000 0.000069
0.444000 0.446000 0.000065
0.446000 0.448000 0.000062
0.448000 0.450000 0.000059
0.450000 0.452000 0.000056
0.452000 0.454000 0.000053
0.454000 0.456000 0.000050
0.456000 0.458000 0.000047
0.458000 0.460000 0.000045
0.460000 0.462000 0.000043
0.462000 0.464000 0.000040
0.464000 0.466000 0.000038
0.466000 0.468000 0.000036
0.468000 0.470000 0.000034
0.470000 0.472000 0.000033
0.472000 0.474000 0.000031
0.474000 0.476000 0.000029
0.476000 0.478000 0.000028
0.478000 0.480000 0.000026
0.480000 0.482000 0.000025
0.482000 0.484000 0.000024
0.484000 0.486000 0.000022
0.486000 0.488000 0.000021
0.488000 0.490000 0.000020
0.490000 0.492000 0.000019
0.492000 0.494000 0.000018
0.494000 0.496000 0.000017
0.496000 0.498000 0.000016
0.498000 0.500000 0.000015
0.500000 0.502000 0.000015
0.502000 0.504000 0.000014
0.504000 0.506000 0.000013
0.506000 0.508000 0.000012
0.508000 0.510000 0.000012
0.510000 0.512000 0.000011
0.512000 0.514000 0.000011
0.514000 0.516000 0.000010
0.516000 0.518000 0.000010
0.518000 0.520000 0.000009
0.520000 0.522000 0.000009
0.522000 0.524000 0.000008
0.524000 0.526000 0.000008
0.526000 0.528000 0.000007
0.528000 0.530000 0.000007
0.530000 0.532000 0.000007
0.532000 0.534000 0.000006
0.534000 0.536000 0.000006
0.536000 0.538000 0.000006
0.538000 0.540000 0.000005
0.540000 0.542000 0.000005
0.542000 0.544000 0.000005
0.544000 0.546000 0.000005
0.546000 0.548000 0.000004
0.548000 0.550000 0.000004
0.550000 0.552000 0.000004
0.552000 0.554000 0.000004
0.554000 0.556000 0.000003
0.556000 0.558000 0.000003
0.558000 0.560000 0.000003
0.560000 0.562000 0.000003
0.562000 0.564000 0.000003
0.564000 0.566000 0.000003
0.566000 0.568000 0.000003
0.568000 0.570000 0.000002
0.570000 0.572000 0.000002
0.572000 0.574000 0.000002
0.574000 0.576000 0.000002
0.576000 0.578000 0.000002
0.578000 0.580000 0.000002
0.580000 0.582000 0.000002
0.582000 0.584000 0.000002
0.584000 0.586000 0.000002
0.586000 0.588000 0.000001
0.588000 0.590000 0.000001
0.590000 0.592000 0.000001
0.592000 0.594000 0.000001
0.594000 0.596000 0.000001
0.596000 0.598000 0.000001
0.598000 0.600000 0.000001
0.600000 0.602000 0.000001
0.602000 0.604000 0.000001
0.604000 0.606000 0.000001
0.606000 0.608000 0.000001
0.608000 0.610000 0.000001
0.610000 0.612000 0.000001
0.612000 0.614000 0.000001
0.614000 0.616000 0.000001
0.616000 0.618000 0.000001
0.618000 0.620000 0.000001
0.620000 0.622000 0.000001
0.622000 0.624000 0.000001
0.624000 0.626000 0.000001
0.626000 0.628000 0.000001
0.628000 0.630000 0.000000
0.630000 0.632000 0.000000
0.632000 0.634000 0.000000
0.634000 0.636000 0.000000
0.636000 0.638000 0.000000
0.638000 0.640000 0.000000
0.640000 0.642000 0.000000
0.642000 0.644000 0.000000
0.644000 0.646000 0.000000
0.646000 0.648000 0.000000
0.648000 0.650000 0.000000
0.650000 0.652000 0.000000
0.652000 0.654000 0.000000
0.654000 0.656000 0.000000
0.656000 0.658000 0.000000
0.658000 0.660000 0.000000
0.660000 0.662000 0.000000
0.662000 0.664000 0.000000
0.664000 0.666000 0.000000
0.666000 0.668000 0.000000
0.668000 0.670000 0.000000
0.670000 0.672000 0.000000
0.672000 0.674000 0.000000
0.674000 0.676000 0.000000
0.676000 0.678000 0.000000
0.678000 0.680000 0.000000
0.680000 0.682000 0.000000
0.682000 0.684000 0.000000
0.684000 0.686000 0.000000
0.686000 0.688000 0.000000
0.688000 0.690000 0.000000
0.690000 0.692000 0.000000
0.692000 0.694000 0.000000
0.694000 0.696000 0.000000
0.696000 0.698000 0.000000
0.698000 0.700000 0.000000
0.700000 0.702000 0.000000
0.702000 0.704000 0.000000
0.704000 0.706000 0.000000
0.706000 0.708000 0.000000
0.708000 0.710000 0.000000
0.710000 0.712000 0.000000
0.712000 0.714000 0.000000
0.714000 0.716000 0.000000
0.716000 0.718000 0.000000
0.718000 0.720000 0.000000
0.720000 0.722000 0.000000
0.722000 0.724000 0.000000
0.724000 0.726000 0.000000
0.726000 0.728000 0.000000
0.728000 0.730000 0.000000
0.730000 0.732000 0.000000
0.732000 0.734000 0.000000
0.734000 0.736000 0.000000
0.736000 0.738000 0.000000
0.738000 0.740000 0.000000
0.740000 0.742000 0.000000
0.742000 0.744000 0.000000
0.744000 0.746000 0.000000
0.746000 0.748000 0.000000
0.748000 0.750000 0.000000
0.750000 0.752000 0.000000
0.752000 0.754000 0.000000
0.754000 0.756000 0.000000
0.756000 0.758000 0.000000
0.758000 0.760000 0.000000
0.760000 0.762000 0.000000
0.762000 0.764000 0.000000
0.764000 0.766000 0.000000
0.766000 0.768000 0.000000
0.768000 0.770000 0.000000
0.770000 0.772000 0.000000
0.772000 0.774000 0.000000
0.774000 0.776000 0.000000
0.776000 0.778000 0.000000
0.778000 0.780000 0.000000
0.780000 0.782000 0.000000
0.782000 0.784000 0.000000
0.784000 0.786000 0.000000
0.786000 0.788000 0.000000
0.788000 0.790000 0.000000
0.790000 0.792000 0.000000
0.792000 0.794000 0.000000
0.794000 0.796000 0.000000
0.796000 0.798000 0.000000
0.798000 0.800000 0.000000
0.800000 0.802000 0.000000
0.802000 0.804000 0.000000
0.804000 0.806000 0.000000
0.806000 0.808000 0.000000
0.808000 0.810000 0.000000
0.810000 0.812000 0.000000
0.812000 0.814000 0.000000
0.814000 0.816000 0.000000
0.816000 0.818000 0.000000
0.818000 0.820000 0.000000
0.820000 0.822000 0.000000
0.822000 0.824000 0.000000
0.824000 0.826000 0.000000
0.826000 0.828000 0.000000
0.828000 0.830000 0.000000
0.830000 0.832000 0.000000
0.832000 0.834000 0.000000
0.834000 0.836000 0.000000
0.836000 0.838000 0.000000
0.838000 0.840000 0.000000
0.840000 0.842000 0.000000
0.842000 0.844000 0.000000
0.844000 0.846000 0.000000
0.846000 0.848000 0.000000
0.848000 0.850000 0.000000
0.850000 0.852000 0.000000
0.852000 0.854000 0.000000
0.854000 0.856000 0.000000
0.856000 0.858000 0.000000
0.858000 0.860000 0.000000
0.860000 0.862000 0.000000
0.862000 0.864000 0.000000
0.864000 0.866000 0.000000
0.866000 0.868000 0.000000
0.868000 0.870000 0.000000
0.870000 0.872000 0.000000
0.872000 0.874000 0.000000
0.874000 0.876000 0.000000
0.876000 0.878000 0.000000
0.878000 0.880000 0.000000
0.880000 0.882000 0.000000
0.882000 0.884000 0.000000
0.884000 0.886000 0.000000
0.886000 0.888000 0.000000
0.888000 0.890000 0.000000
0.890000 0.892000 0.000000
0.892000 0.894000 0.000000
0.894000 0.896000 0.000000
0.896000 0.898000 0.000000
0.898000 0.900000 0.000000
0.900000 0.902000 0.000000
0.902000 0.904000 0.000000
0.904000 0.906000 0.000000
0.906000 0.908000 0.000000
0.908000 0.910000 0.000000
0.910000 0.912000 0.000000
0.912000 0.914000 0.000000
0.914000 0.916000 0.000000
0.916000 0.918000 0.000000
0.918000 0.920000 0.000000
0.920000 0.922000 0.000000
0.922000 0.924000 0.000000
0.924000 0.926000 0.000000
0.926000 0.928000 0.000000
0.928000 0.930000 0.000000
0.930000 0.932000 0.000000
0.932000 0.934000 0.000000
0.934000 0.936000 0.000000
0.936000 0.938000 0.000000
0.938000 0.940000 0.000000
0.940000 0.942000 0.000000
0.942000 0.944000 0.000000
0.944000 0.946000 0.000000
0.946000 0.948000 0.000000
0.948000 0.950000 0.000000
0.950000 0.952000 0.000000
0.952000 0.954000 0.000000
0.954000 0.956000 0.000000
0.956000 0.958000 0.000000
0.958000 0.960000 0.000000
0.960000 0.962000 0.000000
0.962000 0.964000 0.000000
0.964000 0.966000 0.000000
0.966000 0.968000 0.000000
0.968000 0.970000 0.000000
0.970000 0.972000 0.000000
0.972000 0.974000 0.000000
0.974000 0.976000 0.000000
0.976000 0.978000 0.000000
0.978000 0.980000 0.000000
0.980000 0.982000 0.000000
0.982000 0.984000 0.000000
0.984000 0.986000 0.000000
0.986000 0.988000 0.000000
0.988000 0.990000 0.000000
0.990000 0.992000 0.000000
0.992000 0.994000 0.000000
0.994000 0.996000 0.000000
0.996000 0.998000 0.000000
0.998000 1.000000 0.000000
