0.000000 0.002000 20.494821
0.002000 0.004000 19.429073
0.004000 0.006000 18.419014
0.006000 0.008000 17.461109
0.008000 0.010000 16.552979
0.010000 0.012000 15.692617
0.012000 0.014000 14.876880
0.014000 0.016000 14.097572
0.016000 0.018000 13.376015
0.018000 0.020000 12.680322
0.020000 0.022000 12.017259
0.022000 0.024000 11.384925
0.024000 0.026000 10.796034
0.026000 0.028000 10.234157
0.028000 0.030000 9.705923
0.030000 0.032000 9.195684
0.032000 0.034000 8.729016
0.034000 0.036000 8.261736
0.036000 0.038000 7.839974
0.038000 0.040000 7.428872
0.040000 0.042000 7.037082
0.042000 0.044000 6.677429
0.044000 0.046000 6.336675
0.046000 0.048000 6.000917
0.048000 0.050000 5.682425
0.050000 0.052000 5.390564
0.052000 0.054000 5.109835
0.054000 0.056000 4.844772
0.056000 0.058000 4.593855
0.058000 0.060000 4.355005
0.060000 0.062000 4.128096
0.062000 0.064000 3.912650
0.064000 0.066000 3.712361
0.066000 0.068000 3.514847
0.068000 0.070000 3.335084
0.070000 0.072000 3.164947
0.072000 0.074000 2.995399
0.074000 0.076000 2.839056
0.076000 0.078000 2.693893
0.078000 0.080000 2.551531
0.080000 0.082000 2.421638
0.082000 0.084000 2.294314
0.084000 0.086000 2.177037
0.086000 0.088000 2.065997
0.088000 0.090000 1.955398
0.090000 0.092000 1.852911
0.092000 0.094000 1.756770
0.094000 0.096000 1.666787
0.096000 0.098000 1.579473
0.098000 0.100000 1.498507
0.100000 0.102000 1.420226
0.102000 0.104000 1.345134
0.104000 0.106000 1.277198
0.106000 0.108000 1.209890
0.108000 0.110000 1.144897
0.110000 0.112000 1.086784
0.112000 0.114000 1.029254
0.114000 0.116000 0.976796
0.116000 0.118000 0.925694
0.118000 0.120000 0.878624
0.120000 0.122000 0.831551
0.122000 0.124000 0.788967
0.124000 0.126000 0.746950
0.126000 0.128000 0.709320
0.128000 0.130000 0.671618
0.130000 0.132000 0.636889
0.132000 0.134000 0.603804
0.134000 0.136000 0.572773
0.136000 0.138000 0.543144
0.138000 0.140000 0.514255
0.140000 0.142000 0.487523
0.142000 0.144000 0.461889
0.144000 0.146000 0.438950
0.146000 0.148000 0.415353
0.148000 0.150000 0.393724
0.150000 0.152000 0.373926
0.152000 0.154000 0.354383
0.154000 0.156000 0.335905
0.156000 0.158000 0.318468
0.158000 0.160000 0.301686
0.160000 0.162000 0.285848
0.162000 0.164000 0.271242
0.164000 0.166000 0.256938
0.166000 0.168000 0.243747
0.168000 0.170000 0.230990
0.170000 0.172000 0.219102
0.172000 0.174000 0.207803
0.174000 0.176000 0.196799
0.176000 0.178000 0.186489
0.178000 0.180000 0.176846
0.180000 0.182000 0.167825
0.182000 0.184000 0.158922
0.184000 0.186000 0.150857
0.186000 0.188000 0.142833
0.188000 0.190000 0.135286
0.190000 0.192000 0.128282
0.192000 0.194000 0.121692
0.194000 0.196000 0.115444
0.196000 0.198000 0.109383
0.198000 0.200000 0.103743
0.200000 0.202000 0.098270
0.202000 0.204000 0.093247
0.204000 0.206000 0.088355
0.206000 0.208000 0.083672
0.208000 0.210000 0.079383
0.210000 0.212000 0.075161
0.212000 0.214000 0.071267
0.214000 0.216000 0.067591
0.216000 0.218000 0.064213
0.218000 0.220000 0.060847
0.220000 0.222000 0.057597
0.222000 0.224000 0.054577
0.224000 0.226000 0.051819
0.226000 0.228000 0.049117
0.228000 0.230000 0.046474
0.230000 0.232000 0.044094
0.232000 0.234000 0.041803
0.234000 0.236000 0.039580
0.236000 0.238000 0.037585
0.238000 0.240000 0.035628
0.240000 0.242000 0.033764
0.242000 0.244000 0.032004
0.244000 0.246000 0.030341
0.246000 0.248000 0.028771
0.248000 0.250000 0.027328
0.250000 0.252000 0.025847
0.252000 0.254000 0.024532
0.254000 0.256000 0.023235
0.256000 0.258000 0.022025
0.258000 0.260000 0.020852
0.260000 0.262000 0.019783
0.262000 0.264000 0.018783
0.264000 0.266000 0.017775
0.266000 0.268000 0.016881
0.268000 0.270000 0.015995
0.270000 0.272000 0.015165
0.272000 0.274000 0.014364
0.274000 0.276000 0.013630
0.276000 0.278000 0.012917
0.278000 0.280000 0.012247
0.280000 0.282000 0.011610
0.282000 0.284000 0.011014
0.284000 0.286000 0.010423
0.286000 0.288000 0.009897
0.288000 0.290000 0.009381
0.290000 0.292000 0.008895
0.292000 0.294000 0.008425
0.294000 0.296000 0.007986
0.296000 0.298000 0.007573
0.298000 0.300000 0.007182
0.300000 0.302000 0.006810
0.302000 0.304000 0.006452
0.304000 0.306000 0.006114
0.306000 0.308000 0.005800
0.308000 0.310000 0.005505
0.310000 0.312000 0.005213
0.312000 0.314000 0.004946
0.314000 0.316000 0.004682
0.316000 0.318000 0.004444
0.318000 0.320000 0.004207
0.320000 0.322000 0.003988
0.322000 0.324000 0.003780
0.324000 0.326000 0.003581
0.326000 0.328000 0.003399
0.328000 0.330000 0.003221
0.330000 0.332000 0.003054
0.332000 0.334000 0.002893
0.334000 0.336000 0.002745
0.336000 0.338000 0.002598
0.338000 0.340000 0.002467
0.340000 0.342000 0.002339
0.342000 0.344000 0.002220
0.344000 0.346000 0.002104
0.346000 0.348000 0.001992
0.348000 0.350000 0.001887
0.350000 0.352000 0.001793
0.352000 0.354000 0.001698
0.354000 0.356000 0.001611
0.356000 0.358000 0.001528
0.358000 0.360000 0.001449
0.360000 0.362000 0.001371
0.362000 0.364000 0.001301
0.364000 0.366000 0.001233
0.366000 0.368000 0.001167
0.368000 0.370000 0.001108
0.370000 0.372000 0.001051
0.372000 0.374000 0.000995
0.374000 0.376000 0.000945
0.376000 0.378000 0.000895
0.378000 0.380000 0.000849
0.380000 0.382000 0.000803
0.382000 0.384000 0.000762
0.384000 0.386000 0.000723
0.386000 0.388000 0.000685
0.388000 0.390000 0.000649
0.390000 0.392000 0.000615
0.392000 0.394000 0.000584
0.394000 0.396000 0.000553
0.396000 0.398000 0.000525
0.398000 0.400000 0.000498
0.400000 0.402000 0.000471
0.402000 0.404000 0.000447
0.404000 0.406000 0.000423
0.406000 0.408000 0.000401
0.408000 0.410000 0.000381
0.410000 0.412000 0.000361
0.412000 0.414000 0.000342
0.414000 0.416000 0.000324
0.416000 0.418000 0.000307
0.418000 0.420000 0.000292
0.420000 0.422000 0.000276
0.422000 0.424000 0.000262
0.424000 0.426000 0.000248
0.426000 0.428000 0.000236
0.428000 0.430000 0.000223
0.430000 0.432000 0.000212
0.432000 0.434000 0.000201
0.434000 0.436000 0.000190
0.436000 0.438000 0.000180
0.438000 0.440000 0.000171
0.440000 0.442000 0.000162
0.442000 0.444000 0.000154
0.444000 0.446000 0.000146
0.446000 0.448000 0.000138
0.448000 0.450000 0.000131
0.450000 0.452000 0.000124
0.452000 0.454000 0.000118
0.454000 0.456000 0.000111
0.456000 0.458000 0.000106
0.458000 0.460000 0.000100
0.460000 0.462000 0.000095
0.462000 0.464000 0.000090
0.464000 0.466000 0.000085
0.466000 0.468000 0.000081
0.468000 0.470000 0.000077
0.470000 0.472000 0.000073
0.472000 0.474000 0.000069
0.474000 0.476000 0.000065
0.476000 0.478000 0.000062
0.478000 0.480000 0.000059
0.480000 0.482000 0.000056
0.482000 0.484000 0.000053
0.484000 0.486000 0.000050
0.486000 0.488000 0.000047
0.488000 0.490000 0.000045
0.490000 0.492000 0.000043
0.492000 0.494000 0.000040
0.494000 0.496000 0.000038
0.496000 0.498000 0.000036
0.498000 0.500000 0.000034
0.500000 0.502000 0.000033
0.502000 0.504000 0.000031
0.504000 0.506000 0.000029
0.506000 0.508000 0.000028
0.508000 0.510000 0.000026
0.510000 0.512000 0.000025
0.512000 0.514000 0.000024
0.514000 0.516000 0.000022
0.516000 0.518000 0.000021
0.518000 0.520000 0.000020
0.520000 0.522000 0.000019
0.522000 0.524000 0.000018
0.524000 0.526000 0.000017
0.526000 0.528000 0.000016
0.528000 0.530000 0.000015
0.530000 0.532000 0.000015
0.532000 0.534000 0.000014
0.534000 0.536000 0.000013
0.536000 0.538000 0.000012
0.538000 0.540000 0.000012
0.540000 0.542000 0.000011
0.542000 0.544000 0.000011
0.544000 0.546000 0.000010
0.546000 0.548000 0.000010
0.548000 0.550000 0.000009
0.550000 0.552000 0.000009
0.552000 0.554000 0.000008
0.554000 0.556000 0.000008
0.556000 0.558000 0.000007
0.558000 0.560000 0.000007
0.560000 0.562000 0.000007
0.562000 0.564000 0.000006
0.564000 0.566000 0.000006
0.566000 0.568000 0.000006
0.568000 0.570000 0.000005
0.570000 0.572000 0.000005
0.572000 0.574000 0.000005
0.574000 0.576000 0.000005
0.576000 0.578000 0.000004
0.578000 0.580000 0.000004
0.580000 0.582000 0.000004
0.582000 0.584000 0.000004
0.584000 0.586000 0.000003
0.586000 0.588000 0.000003
0.588000 0.590000 0.000003
0.590000 0.592000 0.000003
0.592000 0.594000 0.000003
0.594000 0.596000 0.000003
0.596000 0.598000 0.000003
0.598000 0.600000 0.000002
0.600000 0.602000 0.000002
0.602000 0.604000 0.000002
0.604000 0.606000 0.000002
0.606000 0.608000 0.000002
0.608000 0.610000 0.000002
0.610000 0.612000 0.000002
0.612000 0.614000 0.000002
0.614000 0.616000 0.000002
0.616000 0.618000 0.000001
0.618000 0.620000 0.000001
0.620000 0.622000 0.000001
0.622000 0.624000 0.000001
0.624000 0.626000 0.000001
0.626000 0.628000 0.000001
0.628000 0.630000 0.000001
0.630000 0.632000 0.000001
0.632000 0.634000 0.000001
0.634000 0.636000 0.000001
0.636000 0.638000 0.000001
0.638000 0.640000 0.000001
0.640000 0.642000 0.000001
0.642000 0.644000 0.000001
0.644000 0.646000 0.000001
0.646000 0.648000 0.000001
0.648000 0.650000 0.000001
0.650000 0.652000 0.000001
0.652000 0.654000 0.000001
0.654000 0.656000 0.000001
0.656000 0.658000 0.000001
0.658000 0.660000 0.000000
0.660000 0.662000 0.000000
0.662000 0.664000 0.000000
0.664000 0.666000 0.000000
0.666000 0.668000 0.000000
0.668000 0.670000 0.000000
0.670000 0.672000 0.000000
0.672000 0.674000 0.000000
0.674000 0.676000 0.000000
0.676000 0.678000 0.000000
0.678000 0.680000 0.000000
0.680000 0.682000 0.000000
0.682000 0.684000 0.000000
0.684000 0.686000 0.000000
0.686000 0.688000 0.000000
0.688000 0.690000 0.000000
0.690000 0.692000 0.000000
0.692000 0.694000 0.000000
0.694000 0.696000 0.000000
0.696000 0.698000 0.000000
0.698000 0.700000 0.000000
0.700000 0.702000 0.000000
0.702000 0.704000 0.000000
0.704000 0.706000 0.000000
0.706000 0.708000 0.000000
0.708000 0.710000 0.000000
0.710000 0.712000 0.000000
0.712000 0.714000 0.000000
0.714000 0.716000 0.000000
0.716000 0.718000 0.000000
0.718000 0.720000 0.000000
0.720000 0.722000 0.000000
0.722000 0.724000 0.000000
0.724000 0.726000 0.000000
0.726000 0.728000 0.000000
0.728000 0.730000 0.000000
0.730000 0.732000 0.000000
0.732000 0.734000 0.000000
0.734000 0.736000 0.000000
0.736000 0.738000 0.000000
0.738000 0.740000 0.000000
0.740000 0.742000 0.000000
0.742000 0.744000 0.000000
0.744000 0.746000 0.000000
0.746000 0.748000 0.000000
0.748000 0.750000 0.000000
0.750000 0.752000 0.000000
0.752000 0.754000 0.000000
0.754000 0.756000 0.000000
0.756000 0.758000 0.000000
0.758000 0.760000 0.000000
0.760000 0.762000 0.000000
0.762000 0.764000 0.000000
0.764000 0.766000 0.000000
0.766000 0.768000 0.000000
0.768000 0.770000 0.000000
0.770000 0.772000 0.000000
0.772000 0.774000 0.000000
0.774000 0.776000 0.000000
0.776000 0.778000 0.000000
0.778000 0.780000 0.000000
0.780000 0.782000 0.000000
0.782000 0.784000 0.000000
0.784000 0.786000 0.000000
0.786000 0.788000 0.000000
0.788000 0.790000 0.000000
0.790000 0.792000 0.000000
0.792000 0.794000 0.000000
0.794000 0.796000 0.000000
0.796000 0.798000 0.000000
0.798000 0.800000 0.000000
0.800000 0.802000 0.000000
0.802000 0.804000 0.000000
0.804000 0.806000 0.000000
0.806000 0.808000 0.000000
0.808000 0.810000 0.000000
0.810000 0.812000 0.000000
0.812000 0.814000 0.000000
0.814000 0.816000 0.000000
0.816000 0.818000 0.000000
0.818000 0.820000 0.000000
0.820000 0.822000 0.000000
0.822000 0.824000 0.000000
0.824000 0.826000 0.000000
0.826000 0.828000 0.000000
0.828000 0.830000 0.000000
0.830000 0.832000 0.000000
0.832000 0.834000 0.000000
0.834000 0.836000 0.000000
0.836000 0.838000 0.000000
0.838000 0.840000 0.000000
0.840000 0.842000 0.000000
0.842000 0.844000 0.000000
0.844000 0.846000 0.000000
0.846000 0.848000 0.000000
0.848000 0.850000 0.000000
0.850000 0.852000 0.000000
0.852000 0.854000 0.000000
0.854000 0.856000 0.000000
0.856000 0.858000 0.000000
0.858000 0.860000 0.000000
0.860000 0.862000 0.000000
0.862000 0.864000 0.000000
0.864000 0.866000 0.000000
0.866000 0.868000 0.000000
0.868000 0.870000 0.000000
0.870000 0.872000 0.000000
0.872000 0.874000 0.000000
0.874000 0.876000 0.000000
0.876000 0.878000 0.000000
0.878000 0.880000 0.000000
0.880000 0.882000 0.000000
0.882000 0.884000 0.000000
0.884000 0.886000 0.000000
0.886000 0.888000 0.000000
0.888000 0.890000 0.000000
0.890000 0.892000 0.000000
0.892000 0.894000 0.000000
0.894000 0.896000 0.000000
0.896000 0.898000 0.000000
0.898000 0.900000 0.000000
0.900000 0.902000 0.000000
0.902000 0.904000 0.000000
0.904000 0.906000 0.000000
0.906000 0.908000 0.000000
0.908000 0.910000 0.000000
0.910000 0.912000 0.000000
0.912000 0.914000 0.000000
0.914000 0.916000 0.000000
0.916000 0.918000 0.000000
0.918000 0.920000 0.000000
0.920000 0.922000 0.000000
0.922000 0.924000 0.000000
0.924000 0.926000 0.000000
0.926000 0.928000 0.000000
0.928000 0.930000 0.000000
0.930000 0.932000 0.000000
0.932000 0.934000 0.000000
0.934000 0.936000 0.000000
0.936000 0.938000 0.000000
0.938000 0.940000 0.000000
0.940000 0.942000 0.000000
0.942000 0.944000 0.000000
0.944000 0.946000 0.000000
0.946000 0.948000 0.000000
0.948000 0.950000 0.000000
0.950000 0.952000 0.000000
0.952000 0.954000 0.000000
0.954000 0.956000 0.000000
0.956000 0.958000 0.000000
0.958000 0.960000 0.000000
0.960000 0.962000 0.000000
0.962000 0.964000 0.000000
0.964000 0.966000 0.000000
0.966000 0.968000 0.000000
0.968000 0.970000 0.000000
0.970000 0.972000 0.000000
0.972000 0.974000 0.000000
0.974000 0.976000 0.000000
0.976000 0.978000 0.000000
0.978000 0.980000 0.000000
0.980000 0.982000 0.000000
0.982000 0.984000 0.000000
0.984000 0.986000 0.000000
0.986000 0.988000 0.000000
0.988000 0.990000 0.000000
0.990000 0.992000 0.000000
0.992000 0.994000 0.000000
0.994000 0.996000 0.000000
0.996000 0.998000 0.000000
0.998000 1.000000 0.000000
